m_scripts/WEST/WEST18_SBE37_9382.cnv
* Sea-Bird SBE37SM-RS232  Data File:
* FileName = C:\Users\Nick\Documents\MCS 1 KPH\MCS 1 DATA\Arctic Prize West\SBE37 AP WEST\SBE37SM-RS232_03709382_2019_11_25.hex
* Software version SeatermV2 2.4.1
* Temperature SN = 9382
* Conductivity SN = 9382
* System UpLoad Time = Nov 25 2019 20:38:42
* sample interval = 7200 seconds
* <ApplicationData>
# nquan = 9
# nvalues = 6257                                  
# units = specified
# name 0 = scan: Scan Count
# name 1 = timeJ: Julian Days
# name 2 = prdM: Pressure, Strain Gauge [db]
# name 3 = tv290C: Temperature [ITS-90, deg C]
# name 4 = cond0mS/cm: Conductivity [mS/cm]
# name 5 = depSM: Depth [salt water, m], lat = 81.00
# name 6 = sal00: Salinity, Practical [PSU]
# name 7 = sigma-é00: Density [sigma-theta, kg/m^3]
# name 8 = flag:  0.000e+00
# span 0 =          1,       6257                 
# span 1 = 173.500012, 694.833345                 
# span 2 =     -0.367,     33.115                 
# span 3 =    -1.8562,    22.0355                 
# span 4 =   0.013245,  34.031596                 
# span 5 =     -0.363,     32.761                 
# span 6 =     0.0142,    35.0078                 
# span 7 =    -2.2136,    27.9208                 
# span 8 = 0.0000e+00, 0.0000e+00                 
# interval = seconds: 7200
# start_time = Jun 22 2018 12:00:01 [Instrument's time stamp, first data scan]
# bad_flag = -9.990e-29
*END*
[from data line 5601]
       5601 640.166678     27.217     3.3418  31.570302     26.926    34.5065    27.4593  0.000e+00
       5602 640.250012     27.047     3.9700  32.253088     26.758    34.6589    27.5181  0.000e+00
       5603 640.333345     26.382     3.7278  32.023053     26.101    34.6414    27.5289  0.000e+00
       5604 640.416678     26.081     3.1047  31.359161     25.803    34.5040    27.4796  0.000e+00
       5605 640.500012     26.282     3.2395  31.501734     26.002    34.5331    27.4903  0.000e+00
       5606 640.583345     26.716     3.9588  32.260050     26.430    34.6792    27.5355  0.000e+00
       5607 640.666678     27.413     3.5705  31.865380     27.121    34.6189    27.5267  0.000e+00
       5608 640.750012     27.451     3.9991  32.311500     27.158    34.6974    27.5458  0.000e+00
       5609 640.833345     26.586     4.2567  32.580145     26.302    34.7440    27.5556  0.000e+00
       5610 640.916678     26.255     4.0032  32.316722     25.975    34.6999    27.5473  0.000e+00
       5611 641.000012     26.347     3.9317  32.242478     26.066    34.6873    27.5447  0.000e+00
       5612 641.083345     26.752     3.7866  32.088922     26.467    34.6577    27.5360  0.000e+00
       5613 641.166678     27.140     3.6351  31.930561     26.851    34.6286    27.5280  0.000e+00
       5614 641.250012     27.024     3.6262  31.912890     26.735    34.6170    27.5197  0.000e+00
       5615 641.333345     26.560     3.5674  31.851129     26.276    34.6055    27.5163  0.000e+00
       5616 641.416678     26.236     3.4895  31.771440     25.956    34.5927    27.5138  0.000e+00
       5617 641.500012     26.311     3.6310  31.918927     26.031    34.6194    27.5211  0.000e+00
       5618 641.583345     26.545     3.7354  32.029548     26.262    34.6411    27.5279  0.000e+00
       5619 641.666678     26.898     3.4634  31.752244     26.611    34.5970    27.5197  0.000e+00
       5620 641.750012     26.974     3.4796  31.763238     26.686    34.5930    27.5150  0.000e+00
       5621 641.833345     26.676     3.0918  31.357109     26.391    34.5149    27.4896  0.000e+00
       5622 641.916678     26.393     2.8752  31.122097     26.112    34.4600    27.4655  0.000e+00
       5623 642.000012     26.412     2.8020  31.049149     26.130    34.4491    27.4633  0.000e+00
       5624 642.083345     26.670     2.8644  31.094858     26.385    34.4381    27.4489  0.000e+00
       5625 642.166678     26.950     2.8745  31.118998     26.662    34.4567    27.4629  0.000e+00
       5626 642.250012     27.053     2.7252  30.940513     26.764    34.3976    27.4289  0.000e+00
       5627 642.333345     26.780     2.3559  30.485395     26.494    34.2321    27.3280  0.000e+00
       5628 642.416678     26.412     2.8025  30.987372     26.130    34.3727    27.4022  0.000e+00
       5629 642.500012     26.326     2.0356  30.112820     26.045    34.1125    27.2579  0.000e+00
       5630 642.583345     26.533     2.4909  30.625052     26.250    34.2603    27.3393  0.000e+00
       5631 642.666678     26.764     2.4434  30.577300     26.478    34.2520    27.3366  0.000e+00
       5632 642.750012     26.980     2.2602  30.379497     26.692    34.2032    27.3127  0.000e+00
       5633 642.833345     26.743     3.0007  31.207524     26.457    34.4299    27.4300  0.000e+00
       5634 642.916678     26.506     2.4872  30.632317     26.223    34.2732    27.3499  0.000e+00
       5635 643.000012     26.460     2.2362  30.357225     26.177    34.2016    27.3133  0.000e+00
       5636 643.083345     26.736     2.2852  30.408084     26.451    34.2120    27.3177  0.000e+00
       5637 643.166678     27.076     1.8372  29.904395     26.787    34.0642    27.2345  0.000e+00
       5638 643.250012     27.117     1.7863  29.833534     26.828    34.0298    27.2107  0.000e+00
       5639 643.333345     26.948     1.9300  29.988419     26.660    34.0699    27.2320  0.000e+00
       5640 643.416678     26.556     2.0028  30.078873     26.273    34.1051    27.2545  0.000e+00
       5641 643.500012     26.446     2.2543  30.372528     26.163    34.2012    27.3115  0.000e+00
       5642 643.583345     26.499     2.2343  30.350698     26.216    34.1955    27.3086  0.000e+00
       5643 643.666678     26.780     2.2995  30.428064     26.494    34.2215    27.3241  0.000e+00
       5644 643.750012     26.918     2.3060  30.446128     26.631    34.2369    27.3359  0.000e+00
       5645 643.833345     26.877     2.4561  30.627312     26.590    34.3003    27.3742  0.000e+00
       5646 643.916678     26.672     2.3625  30.529193     26.387    34.2794    27.3653  0.000e+00
       5647 644.000012     26.513     2.5159  30.681646     26.230    34.3035    27.3717  0.000e+00
       5648 644.083345     26.569     2.6385  30.818889     26.286    34.3412    27.3914  0.000e+00
       5649 644.166678     26.624     2.8427  31.056339     26.339    34.4142    27.4317  0.000e+00
       5650 644.250012     26.971     2.8781  31.091591     26.683    34.4192    27.4326  0.000e+00
       5651 644.333345     27.111     3.0620  31.302537     26.822    34.4801    27.4645  0.000e+00
       5652 644.416678     26.923     2.8293  31.038913     26.636    34.4070    27.4272  0.000e+00
       5653 644.500012     26.833     2.8991  31.119217     26.547    34.4306    27.4399  0.000e+00
       5654 644.583345     26.649     2.8983  31.119327     26.364    34.4318    27.4408  0.000e+00
       5655 644.666678     26.720     2.9873  31.207969     26.435    34.4448    27.4432  0.000e+00
       5656 644.750012     26.837     2.9884  31.210796     26.550    34.4470    27.4449  0.000e+00
       5657 644.833345     26.814     2.9005  31.127966     26.528    34.4399    27.4471  0.000e+00
       5658 644.916678     26.752     3.2554  31.486213     26.467    34.4971    27.4600  0.000e+00
       5659 645.000012     26.637     3.2346  31.478205     26.353    34.5096    27.4720  0.000e+00
       5660 645.083345     26.584     3.0296  31.261811     26.300    34.4654    27.4558  0.000e+00
       5661 645.166678     26.599     2.8493  31.068512     26.315    34.4220    27.4374  0.000e+00
       5662 645.250012     26.653     3.5669  31.850850     26.369    34.6057    27.5165  0.000e+00
       5663 645.333345     27.029     3.1812  31.461359     26.740    34.5460    27.5060  0.000e+00
       5664 645.416678     27.169     3.2841  31.576376     26.879    34.5756    27.5199  0.000e+00
       5665 645.500012     27.098     3.1451  31.419332     26.809    34.5335    27.4994  0.000e+00
       5666 645.583345     26.882     3.5374  31.849791     26.595    34.6357    27.5433  0.000e+00
       5667 645.666678     26.572     3.2718  31.562621     26.288    34.5723    27.5185  0.000e+00
       5668 645.750012     26.607     2.9954  31.234249     26.323    34.4683    27.4612  0.000e+00
       5669 645.833345     26.708     3.7886  32.099961     26.423    34.6688    27.5446  0.000e+00
       5670 645.916678     26.889     3.6567  31.947283     26.602    34.6259    27.5237  0.000e+00
       5671 646.000012     26.719     3.4954  31.800249     26.434    34.6208    27.5356  0.000e+00
       5672 646.083345     26.758     3.3233  31.619596     26.472    34.5862    27.5247  0.000e+00
       5673 646.166678     26.620     3.3120  31.606950     26.336    34.5831    27.5232  0.000e+00
       5674 646.250012     26.788     3.4694  31.784562     26.502    34.6296    27.5452  0.000e+00
       5675 646.333345     26.857     3.5374  31.872311     26.571    34.6628    27.5650  0.000e+00
       5676 646.416678     26.923     3.4504  31.761565     26.635    34.6220    27.5410  0.000e+00
       5677 646.500012     27.471     3.8616  32.200505     27.178    34.7110    27.5708  0.000e+00
       5678 646.583345     27.142     3.6924  32.022554     26.852    34.6781    27.5618  0.000e+00
       5679 646.666678     26.630     3.6165  31.948013     26.346    34.6697    27.5626  0.000e+00
       5680 646.750012     26.581     3.5152  31.830574     26.297    34.6364    27.5461  0.000e+00
       5681 646.833345     26.650     3.4985  31.811473     26.366    34.6312    27.5436  0.000e+00
       5682 646.916678     26.788     3.5088  31.822476     26.502    34.6333    27.5443  0.000e+00
       5683 647.000012     26.882     3.5285  31.842473     26.595    34.6364    27.5448  0.000e+00
       5684 647.083345     26.673     3.5061  31.820688     26.388    34.6341    27.5451  0.000e+00
       5685 647.166678     26.553     3.3471  31.628621     26.269    34.5718    27.5109  0.000e+00
       5686 647.250012     26.445     3.5183  31.832193     26.162    34.6351    27.5447  0.000e+00
       5687 647.333345     26.512     3.5228  31.813817     26.229    34.6081    27.5228  0.000e+00
       5688 647.416678     26.721     3.5262  31.846328     26.436    34.6436    27.5508  0.000e+00
       5689 647.500012     26.856     3.4650  31.792100     26.569    34.6434    27.5566  0.000e+00
       5690 647.583345     27.048     3.7004  32.037392     26.760    34.6875    27.5684  0.000e+00
       5691 647.666678     26.806     3.3679  31.663231     26.520    34.5914    27.5245  0.000e+00
       5692 647.750012     26.439     3.3841  31.683746     26.157    34.5991    27.5291  0.000e+00
       5693 647.833345     26.630     3.5931  31.913786     26.346    34.6535    27.5520  0.000e+00
       5694 647.916678     26.709     3.9138  32.257808     26.424    34.7244    27.5761  0.000e+00
       5695 648.000012     26.984     3.8310  32.184740     26.696    34.7250    27.5850  0.000e+00
       5696 648.083345     26.683     3.2012  31.447733     26.399    34.5082    27.4740  0.000e+00
       5697 648.166678     26.329     3.5748  31.884883     26.048    34.6384    27.5418  0.000e+00
       5698 648.250012     26.315     3.1990  31.464970     26.034    34.5317    27.4930  0.000e+00
       5699 648.333345     26.253     3.3418  31.649296     25.973    34.6027    27.5360  0.000e+00
       5700 648.416678     26.698     3.6036  31.934086     26.413    34.6667    27.5615  0.000e+00
       5701 648.500012     27.013     3.3162  31.611464     26.725    34.5838    27.5234  0.000e+00
       5702 648.583345     26.864     3.0928  31.356443     26.577    34.5130    27.4879  0.000e+00
       5703 648.666678     26.731     3.9422  32.197578     26.445    34.6224    27.4919  0.000e+00
       5704 648.750012     26.635     3.1873  31.447678     26.351    34.5231    27.4872  0.000e+00
       5705 648.833345     26.488     2.9220  31.161421     26.205    34.4580    27.4596  0.000e+00
       5706 648.916678     26.647     3.4166  31.696514     26.362    34.5797    27.5105  0.000e+00
       5707 649.000012     26.895     3.8698  32.185971     26.608    34.6852    27.5494  0.000e+00
       5708 649.083345     26.760     3.9585  32.268698     26.474    34.6898    27.5440  0.000e+00
       5709 649.166678     26.478     3.7135  32.025014     26.195    34.6590    27.5444  0.000e+00
       5710 649.250012     26.237     3.7096  32.007490     25.957    34.6423    27.5315  0.000e+00
       5711 649.333345     26.431     3.5674  31.845653     26.149    34.5990    27.5112  0.000e+00
       5712 649.416678     26.572     3.2672  31.524157     26.288    34.5305    27.4856  0.000e+00
       5713 649.500012     27.336     3.3536  31.575647     27.044    34.5003    27.4533  0.000e+00
       5714 649.583345     27.766     3.2572  31.476426     27.469    34.4827    27.4484  0.000e+00
       5715 649.666678     27.174     3.4146  31.649516     26.884    34.5247    27.4669  0.000e+00
       5716 649.750012     26.554     4.1102  32.380571     26.271    34.6623    27.5062  0.000e+00
       5717 649.833345     26.331     3.5368  31.770320     26.050    34.5409    27.4678  0.000e+00
       5718 649.916678     26.599     3.4006  31.650296     26.315    34.5410    27.4812  0.000e+00
       5719 650.000012     26.834     3.3746  31.600874     26.548    34.5088    27.4580  0.000e+00
       5720 650.083345     26.927     2.9845  31.227596     26.640    34.4717    27.4649  0.000e+00
       5721 650.166678     26.561     3.0080  31.256044     26.277    34.4814    27.4705  0.000e+00
       5722 650.250012     26.255     2.9063  31.106092     25.975    34.4072    27.4205  0.000e+00
       5723 650.333345     26.274     2.7879  30.980463     25.994    34.3799    27.4093  0.000e+00
       5724 650.416678     26.600     2.3637  30.497372     26.316    34.2387    27.3326  0.000e+00
       5725 650.500012     27.140     1.6811  29.787677     26.850    34.0857    27.2633  0.000e+00
       5726 650.583345     27.224     2.2048  30.288586     26.933    34.1493    27.2741  0.000e+00
       5727 650.666678     26.920     2.2996  30.407041     26.633    34.1952    27.3031  0.000e+00
       5728 650.750012     26.496     2.5434  30.683957     26.213    34.2768    27.3480  0.000e+00
       5729 650.833345     26.356     2.4895  30.648169     26.074    34.2905    27.3636  0.000e+00
       5730 650.916678     26.579     2.3983  30.542988     26.296    34.2581    27.3453  0.000e+00
       5731 651.000012     26.874     2.3390  30.484024     26.587    34.2485    27.3425  0.000e+00
       5732 651.083345     27.013     2.8785  31.067958     26.725    34.3898    27.4091  0.000e+00
       5733 651.166678     26.775     2.1345  30.275932     26.489    34.2096    27.3279  0.000e+00
       5734 651.250012     26.395     2.2955  30.437726     26.114    34.2380    27.3377  0.000e+00
       5735 651.333345     26.296     1.9760  30.102873     26.015    34.1642    27.3040  0.000e+00
       5736 651.416678     26.526     1.7611  29.874846     26.243    34.1096    27.2766  0.000e+00
       5737 651.500012     26.958     1.4233  29.524305     26.670    34.0312    27.2381  0.000e+00
       5738 651.583345     27.145     1.8388  29.992030     26.855    34.1729    27.3215  0.000e+00
       5739 651.666678     27.017     2.0031  30.157129     26.728    34.2026    27.3327  0.000e+00
       5740 651.750012     26.551     1.9678  30.140007     26.268    34.2197    27.3491  0.000e+00
       5741 651.833345     26.372     1.9995  30.168508     26.091    34.2212    27.3478  0.000e+00
       5742 651.916678     26.538     2.0498  30.216727     26.255    34.2272    27.3487  0.000e+00
       5743 652.000012     26.876     1.8903  30.060192     26.589    34.2031    27.3417  0.000e+00
       5744 652.083345     27.102     1.8475  30.006881     26.812    34.1822    27.3283  0.000e+00
       5745 652.166678     26.820     1.7744  29.935382     26.534    34.1714    27.3252  0.000e+00
       5746 652.250012     26.434     1.8600  30.016271     26.152    34.1809    27.3263  0.000e+00
       5747 652.333345     26.224     1.7770  29.941327     25.944    34.1764    27.3290  0.000e+00
       5748 652.416678     26.401     1.6182  29.793833     26.119    34.1623    27.3294  0.000e+00
       5749 652.500012     26.803     1.0263  29.160214     26.517    33.9977    27.2379  0.000e+00
       5750 652.583345     26.979     0.9578  29.086144     26.691    33.9771    27.2257  0.000e+00
       5751 652.666678     26.943     1.3588  29.455415     26.655    34.0136    27.2284  0.000e+00
       5752 652.750012     26.522     2.2183  30.298503     26.239    34.1476    27.2716  0.000e+00
       5753 652.833345     26.340     2.1453  30.200076     26.059    34.1034    27.2420  0.000e+00
       5754 652.916678     26.517     2.4337  30.541061     26.234    34.2177    27.3100  0.000e+00
       5755 653.000012     26.851     1.7150  29.804176     26.564    34.0701    27.2483  0.000e+00
       5756 653.083345     27.054     2.1665  30.242403     26.765    34.1331    27.2641  0.000e+00
       5757 653.166678     26.931     2.5594  30.644202     26.644    34.2103    27.2935  0.000e+00
       5758 653.250012     26.496     2.5347  30.654552     26.213    34.2498    27.3272  0.000e+00
       5759 653.333345     26.282     2.3895  30.502314     26.002    34.2172    27.3133  0.000e+00
