m_scripts/WEST/WEST18_SBE37_9382.cnv
* Sea-Bird SBE37SM-RS232  Data File:
* FileName = C:\Users\Nick\Documents\MCS 1 KPH\MCS 1 DATA\Arctic Prize West\SBE37 AP WEST\SBE37SM-RS232_03709382_2019_11_25.hex
* Software version SeatermV2 2.4.1
* Temperature SN = 9382
* Conductivity SN = 9382
* System UpLoad Time = Nov 25 2019 20:38:42
* sample interval = 7200 seconds
* <ApplicationData>
# nquan = 9
# nvalues = 6257                                  
# units = specified
# name 0 = scan: Scan Count
# name 1 = timeJ: Julian Days
# name 2 = prdM: Pressure, Strain Gauge [db]
# name 3 = tv290C: Temperature [ITS-90, deg C]
# name 4 = cond0mS/cm: Conductivity [mS/cm]
# name 5 = depSM: Depth [salt water, m], lat = 81.00
# name 6 = sal00: Salinity, Practical [PSU]
# name 7 = sigma-é00: Density [sigma-theta, kg/m^3]
# name 8 = flag:  0.000e+00
# span 0 =          1,       6257                 
# span 1 = 173.500012, 694.833345                 
# span 2 =     -0.367,     33.115                 
# span 3 =    -1.8562,    22.0355                 
# span 4 =   0.013245,  34.031596                 
# span 5 =     -0.363,     32.761                 
# span 6 =     0.0142,    35.0078                 
# span 7 =    -2.2136,    27.9208                 
# span 8 = 0.0000e+00, 0.0000e+00                 
# interval = seconds: 7200
# start_time = Jun 22 2018 12:00:01 [Instrument's time stamp, first data scan]
# bad_flag = -9.990e-29
*END*
[from data line 6081]
       6081 680.166678     26.602     2.0106  30.431379     26.318    34.5389    27.6015  0.000e+00
       6082 680.250012     26.280     2.0190  30.440382     25.999    34.5412    27.6027  0.000e+00
       6083 680.333345     26.326     1.9887  30.415845     26.045    34.5435    27.6069  0.000e+00
       6084 680.416678     26.513     2.0246  30.449553     26.230    34.5465    27.6065  0.000e+00
       6085 680.500012     26.761     1.9002  30.333559     26.475    34.5364    27.6081  0.000e+00
       6086 680.583345     26.933     1.7456  30.178597     26.645    34.5100    27.5988  0.000e+00
       6087 680.666678     26.705     1.7873  30.221292     26.420    34.5184    27.6024  0.000e+00
       6088 680.750012     26.475     1.7793  30.214995     26.192    34.5194    27.6038  0.000e+00
       6089 680.833345     26.360     1.7595  30.195507     26.078    34.5165    27.6030  0.000e+00
       6090 680.916678     26.634     1.7393  30.179637     26.349    34.5184    27.6060  0.000e+00
       6091 681.000012     26.887     1.7453  30.183413     26.600    34.5165    27.6041  0.000e+00
       6092 681.083345     26.935     1.7629  30.198902     26.648    34.5167    27.6029  0.000e+00
       6093 681.166678     26.551     1.8999  30.332462     26.268    34.5355    27.6074  0.000e+00
       6094 681.250012     26.273     1.8817  30.313821     25.992    34.5321    27.6061  0.000e+00
       6095 681.333345     26.157     1.8478  30.282856     25.878    34.5303    27.6073  0.000e+00
       6096 681.416678     26.449     1.7382  30.178706     26.167    34.5186    27.6063  0.000e+00
       6097 681.500012     26.726     1.7161  30.159173     26.440    34.5179    27.6074  0.000e+00
       6098 681.583345     26.889     1.7951  30.232846     26.602    34.5244    27.6066  0.000e+00
       6099 681.666678     26.733     1.8286  30.263737     26.448    34.5268    27.6060  0.000e+00
       6100 681.750012     26.477     1.8140  30.251685     26.195    34.5277    27.6078  0.000e+00
       6101 681.833345     26.357     1.6896  30.134940     26.076    34.5165    27.6083  0.000e+00
       6102 681.916678     26.498     1.8503  30.294420     26.215    34.5419    27.6164  0.000e+00
       6103 682.000012     26.835     2.0349  30.471576     26.549    34.5627    27.6186  0.000e+00
       6104 682.083345     26.874     1.9212  30.361144     26.587    34.5482    27.6160  0.000e+00
       6105 682.166678     26.690     1.9484  30.390932     26.405    34.5560    27.6201  0.000e+00
       6106 682.250012     26.296     1.8572  30.304285     26.015    34.5469    27.6199  0.000e+00
       6107 682.333345     26.160     1.8746  30.318372     25.881    34.5456    27.6175  0.000e+00
       6108 682.416678     26.390     1.8712  30.312507     26.109    34.5419    27.6148  0.000e+00
       6109 682.500012     26.667     1.9532  30.390932     26.382    34.5507    27.6155  0.000e+00
       6110 682.583345     26.876     2.0988  30.536415     26.589    34.5742    27.6228  0.000e+00
       6111 682.666678     26.807     1.9407  30.398945     26.521    34.5744    27.6354  0.000e+00
       6112 682.750012     26.405     2.2354  30.694555     26.123    34.6233    27.6510  0.000e+00
       6113 682.833345     26.413     1.9406  30.399493     26.131    34.5755    27.6363  0.000e+00
       6114 682.916678     26.349     2.0135  30.457296     26.068    34.5684    27.6249  0.000e+00
       6115 683.000012     26.740     1.9480  30.393347     26.455    34.5594    27.6229  0.000e+00
       6116 683.083345     26.996     1.9596  30.409537     26.708    34.5670    27.6280  0.000e+00
       6117 683.166678     26.909     2.1997  30.643899     26.622    34.5986    27.6342  0.000e+00
       6118 683.250012     26.549     1.8662  30.329229     26.266    34.5684    27.6364  0.000e+00
       6119 683.333345     26.231     1.9057  30.366793     25.952    34.5726    27.6367  0.000e+00
       6120 683.416678     26.190     2.1597  30.616766     25.911    34.6087    27.6455  0.000e+00
       6121 683.500012     26.602     2.2179  30.675611     26.319    34.6186    27.6487  0.000e+00
       6122 683.583345     26.940     2.7475  31.206325     26.652    34.7009    27.6693  0.000e+00
       6123 683.666678     27.050     3.1311  31.606799     26.761    34.7769    27.6950  0.000e+00
       6124 683.750012     26.611     3.0506  31.532801     26.326    34.7738    27.7000  0.000e+00
       6125 683.833345     26.336     3.1798  31.655830     26.055    34.7845    27.6965  0.000e+00
       6126 683.916678     26.286     3.0636  31.541037     26.006    34.7699    27.6957  0.000e+00
       6127 684.000012     26.613     2.6355  31.099027     26.329    34.6902    27.6707  0.000e+00
       6128 684.083345     27.291     2.5872  31.041699     27.000    34.6714    27.6598  0.000e+00
       6129 684.166678     27.839     2.3677  30.816431     27.542    34.6302    27.6455  0.000e+00
       6130 684.250012     26.915     2.6549  31.101961     26.627    34.6726    27.6549  0.000e+00
       6131 684.333345     26.270     2.7536  31.192243     25.990    34.6774    27.6500  0.000e+00
       6132 684.416678     26.146     2.1395  30.602186     25.867    34.6125    27.6502  0.000e+00
       6133 684.500012     26.421     2.0675  30.509263     26.139    34.5745    27.6256  0.000e+00
       6134 684.583345     26.871     2.7610  31.202998     26.584    34.6823    27.6532  0.000e+00
       6135 684.666678     27.224     3.0854  31.527067     26.934    34.7288    27.6609  0.000e+00
       6136 684.750012     27.082     2.3701  30.794641     26.792    34.6009    27.6219  0.000e+00
       6137 684.833345     26.349     2.6366  31.066204     26.068    34.6486    27.6373  0.000e+00
       6138 684.916678     26.389     2.4438  30.866970     26.107    34.6111    27.6238  0.000e+00
       6139 685.000012     26.758     2.7999  31.240753     26.472    34.6867    27.6533  0.000e+00
       6140 685.083345     27.176     2.9873  31.427738     26.886    34.7133    27.6576  0.000e+00
       6141 685.166678     28.750     3.0023  31.446476     28.443    34.7191    27.6608  0.000e+00
       6142 685.250012     29.255     2.4633  30.902424     28.942    34.6323    27.6392  0.000e+00
       6143 685.333345     27.285     2.8405  31.282078     26.994    34.6932    27.6548  0.000e+00
       6144 685.416678     26.126     3.7037  32.146776     25.847    34.8158    27.6703  0.000e+00
       6145 685.500012     26.159     3.3815  31.818909     25.880    34.7656    27.6621  0.000e+00
       6146 685.583345     26.965     3.2849  31.726981     26.677    34.7575    27.6650  0.000e+00
       6147 685.666678     27.942     3.1197  31.555455     27.644    34.7261    27.6555  0.000e+00
       6148 685.750012     27.574     2.9839  31.426127     27.279    34.7148    27.6590  0.000e+00
       6149 685.833345     27.042     2.9822  31.423235     26.753    34.7134    27.6581  0.000e+00
       6150 685.916678     26.426     3.0918  31.531795     26.144    34.7281    27.6597  0.000e+00
       6151 686.000012     26.666     2.8199  31.262882     26.381    34.6923    27.6560  0.000e+00
       6152 686.083345     27.314     2.9092  31.354793     27.023    34.7082    27.6606  0.000e+00
       6153 686.166678     28.078     2.9683  31.415625     27.779    34.7184    27.6634  0.000e+00
       6154 686.250012     29.345     2.9373  31.382403     29.031    34.7106    27.6600  0.000e+00
       6155 686.333345     28.710     3.1447  31.593991     28.403    34.7457    27.6688  0.000e+00
       6156 686.416678     27.827     2.4081  30.818304     27.530    34.5886    27.6089  0.000e+00
       6157 686.500012     27.743     0.0117  28.374396     27.447    34.0907    27.3716  0.000e+00
       6158 686.583345     28.213     0.0460  28.411347     27.912    34.1012    27.3783  0.000e+00
       6159 686.666678     29.925     2.0925  30.486468     29.606    34.5167    27.5772  0.000e+00
       6160 686.750012     29.129     2.3277  30.738249     28.818    34.5756    27.6052  0.000e+00
       6161 686.833345     27.970     2.7339  31.159390     27.671    34.6572    27.6356  0.000e+00
       6162 686.916678     26.758     2.7726  31.211035     26.472    34.6796    27.6501  0.000e+00
       6163 687.000012     26.521     2.7515  31.180938     26.238    34.6656    27.6407  0.000e+00
       6164 687.083345     27.128     2.8032  31.252012     26.839    34.6968    27.6610  0.000e+00
       6165 687.166678     28.432     3.1468  31.590035     28.128    34.7388    27.6631  0.000e+00
       6166 687.250012     29.059     3.2318  31.677019     28.749    34.7527    27.6662  0.000e+00
       6167 687.333345     29.527     3.3961  31.834726     29.211    34.7673    27.6620  0.000e+00
       6168 687.416678     27.679     3.3466  31.787533     27.384    34.7643    27.6644  0.000e+00
       6169 687.500012     26.816     3.0879  31.535915     26.530    34.7372    27.6673  0.000e+00
       6170 687.583345     26.835     2.9075  31.352459     26.548    34.7074    27.6601  0.000e+00
       6171 687.666678     28.108     2.5295  30.953903     27.808    34.6248    27.6275  0.000e+00
       6172 687.750012     28.995     2.8490  31.289518     28.686    34.6923    27.6534  0.000e+00
       6173 687.833345     28.097     2.8776  31.321205     27.797    34.7008    27.6575  0.000e+00
       6174 687.916678     27.094     3.1334  31.569037     26.805    34.7283    27.6560  0.000e+00
       6175 688.000012     26.520     3.2430  31.665470     26.237    34.7281    27.6455  0.000e+00
       6176 688.083345     26.820     2.9868  31.401893     26.533    34.6824    27.6329  0.000e+00
       6177 688.166678     27.309     1.4541  29.820102     27.017    34.3743    27.5113  0.000e+00
       6178 688.250012     28.714     2.3742  30.755276     28.408    34.5466    27.5781  0.000e+00
       6179 688.333345     30.174     3.1521  31.559357     29.852    34.6947    27.6274  0.000e+00
       6180 688.416678     28.591     3.3032  31.703445     28.286    34.7084    27.6241  0.000e+00
       6181 688.500012     27.301     2.9377  31.375397     27.010    34.7027    27.6536  0.000e+00
       6182 688.583345     26.894     2.8210  31.255227     26.607    34.6816    27.6473  0.000e+00
       6183 688.666678     27.167     0.1189  28.511752     26.877    34.1533    27.4166  0.000e+00
       6184 688.750012     27.712     2.0217  30.433907     27.417    34.5293    27.5929  0.000e+00
       6185 688.833345     27.497     3.3749  31.788312     27.203    34.7350    27.6383  0.000e+00
       6186 688.916678     27.230     3.0638  31.466930     26.940    34.6786    27.6228  0.000e+00
       6187 689.000012     26.846     3.2302  31.638829     26.560    34.7093    27.6317  0.000e+00
       6188 689.083345     26.621     2.0729  30.461302     26.337    34.5084    27.5722  0.000e+00
       6189 689.166678     26.812     2.5088  30.904070     26.526    34.5864    27.5985  0.000e+00
       6190 689.250012     27.298     2.1121  30.514813     27.006    34.5324    27.5882  0.000e+00
       6191 689.333345     28.332     2.5055  30.927771     28.029    34.6184    27.6244  0.000e+00
       6192 689.416678     28.248     2.6634  31.080818     27.947    34.6366    27.6253  0.000e+00
       6193 689.500012     27.044     2.5028  30.923458     26.756    34.6167    27.6233  0.000e+00
       6194 689.583345     26.439     2.8560  31.289177     26.157    34.6857    27.6474  0.000e+00
       6195 689.666678     26.599     2.8009  31.239477     26.315    34.6842    27.6512  0.000e+00
       6196 689.750012     26.805     2.3640  30.799880     26.519    34.6142    27.6331  0.000e+00
       6197 689.833345     26.988     2.7902  31.233545     26.700    34.6882    27.6554  0.000e+00
       6198 689.916678     26.902     2.9116  31.355846     26.615    34.7072    27.6596  0.000e+00
       6199 690.000012     26.710     2.7358  31.178114     26.425    34.6790    27.6528  0.000e+00
       6200 690.083345     26.538     2.4892  30.933899     26.255    34.6447    27.6469  0.000e+00
       6201 690.166678     26.563     2.6042  31.050880     26.279    34.6647    27.6530  0.000e+00
       6202 690.250012     26.741     2.4454  30.886791     26.455    34.6337    27.6418  0.000e+00
       6203 690.333345     26.950     2.4419  30.874976     26.662    34.6228    27.6334  0.000e+00
       6204 690.416678     27.570     2.6260  31.037437     27.275    34.6239    27.6185  0.000e+00
       6205 690.500012     27.040     2.4534  30.894908     26.751    34.6350    27.6421  0.000e+00
       6206 690.583345     26.605     2.5305  30.974569     26.321    34.6502    27.6477  0.000e+00
       6207 690.666678     26.563     2.8461  31.286071     26.279    34.6925    27.6538  0.000e+00
       6208 690.750012     26.634     3.0700  31.475826     26.349    34.6832    27.6259  0.000e+00
       6209 690.833345     26.860     2.3931  30.843242     26.573    34.6365    27.6484  0.000e+00
       6210 690.916678     26.879     2.9573  31.384671     26.592    34.6931    27.6442  0.000e+00
       6211 691.000012     26.720     2.4000  30.826301     26.435    34.6080    27.6251  0.000e+00
       6212 691.083345     26.405     3.3582  31.778373     26.123    34.7414    27.6450  0.000e+00
       6213 691.166678     26.299     2.3031  30.744250     26.018    34.6115    27.6360  0.000e+00
       6214 691.250012     26.370     1.8824  30.281922     26.088    34.4910    27.5732  0.000e+00
       6215 691.333345     26.741     1.9651  30.388242     26.455    34.5343    27.6014  0.000e+00
       6216 691.416678     26.796     2.1440  30.569347     26.510    34.5662    27.6127  0.000e+00
       6217 691.500012     27.026     2.7151  31.103285     26.737    34.6091    27.5988  0.000e+00
       6218 691.583345     26.616     1.8960  30.309381     26.331    34.5107    27.5879  0.000e+00
       6219 691.666678     26.269     3.7023  32.083828     25.988    34.7416    27.6113  0.000e+00
       6220 691.750012     26.570     2.1863  30.576823     26.287    34.5295    27.5799  0.000e+00
       6221 691.833345     26.798     2.0753  30.472342     26.511    34.5196    27.5810  0.000e+00
       6222 691.916678     26.825     1.8584  30.247520     26.539    34.4737    27.5611  0.000e+00
       6223 692.000012     26.805     1.5879  29.978563     26.519    34.4294    27.5459  0.000e+00
       6224 692.083345     26.454     1.9131  30.321604     26.172    34.5074    27.5839  0.000e+00
       6225 692.166678     26.183     1.8178  30.239469     25.904    34.5083    27.5920  0.000e+00
       6226 692.250012     26.206     1.9163  30.328402     25.926    34.5126    27.5878  0.000e+00
       6227 692.333345     26.467     2.0075  30.429293     26.184    34.5397    27.6024  0.000e+00
       6228 692.416678     26.756     1.8776  30.298858     26.471    34.5175    27.5947  0.000e+00
       6229 692.500012     26.894     1.8707  30.298530     26.607    34.5245    27.6009  0.000e+00
       6230 692.583345     26.861     1.5933  30.015200     26.574    34.4700    27.5781  0.000e+00
       6231 692.666678     26.462     1.5208  29.936764     26.180    34.4501    27.5674  0.000e+00
       6232 692.750012     26.413     1.4684  29.884681     26.131    34.4414    27.5642  0.000e+00
       6233 692.833345     26.641     1.4671  29.886590     26.357    34.4451    27.5673  0.000e+00
       6234 692.916678     26.917     1.4624  29.884301     26.630    34.4473    27.5693  0.000e+00
       6235 693.000012     26.994     1.3731  29.804473     26.706    34.4435    27.5727  0.000e+00
       6236 693.083345     26.633     1.2734  29.701007     26.349    34.4212    27.5617  0.000e+00
       6237 693.166678     26.293     1.3896  29.814220     26.012    34.4382    27.5673  0.000e+00
       6238 693.250012     26.165     1.5850  29.997560     25.886    34.4572    27.5684  0.000e+00
       6239 693.333345     26.280     2.1487  30.539268     25.999    34.5237    27.5783  0.000e+00
