m_scripts/WEST/WEST18_SBE37_9382.cnv
* Sea-Bird SBE37SM-RS232  Data File:
* FileName = C:\Users\Nick\Documents\MCS 1 KPH\MCS 1 DATA\Arctic Prize West\SBE37 AP WEST\SBE37SM-RS232_03709382_2019_11_25.hex
* Software version SeatermV2 2.4.1
* Temperature SN = 9382
* Conductivity SN = 9382
* System UpLoad Time = Nov 25 2019 20:38:42
* sample interval = 7200 seconds
* <ApplicationData>
# nquan = 9
# nvalues = 6257                                  
# units = specified
# name 0 = scan: Scan Count
# name 1 = timeJ: Julian Days
# name 2 = prdM: Pressure, Strain Gauge [db]
# name 3 = tv290C: Temperature [ITS-90, deg C]
# name 4 = cond0mS/cm: Conductivity [mS/cm]
# name 5 = depSM: Depth [salt water, m], lat = 81.00
# name 6 = sal00: Salinity, Practical [PSU]
# name 7 = sigma-é00: Density [sigma-theta, kg/m^3]
# name 8 = flag:  0.000e+00
# span 0 =          1,       6257                 
# span 1 = 173.500012, 694.833345                 
# span 2 =     -0.367,     33.115                 
# span 3 =    -1.8562,    22.0355                 
# span 4 =   0.013245,  34.031596                 
# span 5 =     -0.363,     32.761                 
# span 6 =     0.0142,    35.0078                 
# span 7 =    -2.2136,    27.9208                 
# span 8 = 0.0000e+00, 0.0000e+00                 
# interval = seconds: 7200
# start_time = Jun 22 2018 12:00:01 [Instrument's time stamp, first data scan]
# bad_flag = -9.990e-29
*END*
[from data line 2721]
       2721 400.166678     27.791     2.2483  30.934640     27.494    34.9081    27.8780  0.000e+00
       2722 400.250012     26.651     2.4317  31.105631     26.366    34.9206    27.8725  0.000e+00
       2723 400.333345     26.685     2.6846  31.342758     26.400    34.9377    27.8641  0.000e+00
       2724 400.416678     26.538     2.5403  31.209056     26.255    34.9301    27.8707  0.000e+00
       2725 400.500012     26.844     2.2044  30.887251     26.558    34.8977    27.8732  0.000e+00
       2726 400.583345     27.077     2.2406  30.918839     26.788    34.8973    27.8700  0.000e+00
       2727 400.666678     26.964     2.2735  30.948946     26.676    34.8988    27.8684  0.000e+00
       2728 400.750012     26.575     2.3590  31.030540     26.291    34.9069    27.8677  0.000e+00
       2729 400.833345     26.299     2.3399  31.012953     26.018    34.9062    27.8688  0.000e+00
       2730 400.916678     26.435     2.2479  30.928117     26.152    34.9012    27.8725  0.000e+00
       2731 401.000012     26.906     2.5910  31.253027     26.619    34.9289    27.8654  0.000e+00
       2732 401.083345     27.767     2.7358  31.390636     27.470    34.9403    27.8617  0.000e+00
       2733 401.166678     28.571     2.5955  31.256747     28.266    34.9276    27.8640  0.000e+00
       2734 401.250012     28.338     2.6386  31.292973     28.036    34.9255    27.8585  0.000e+00
       2735 401.333345     28.250     2.6836  31.341374     27.949    34.9362    27.8631  0.000e+00
       2736 401.416678     29.121     2.5932  31.254863     28.810    34.9275    27.8640  0.000e+00
       2737 401.500012     29.144     2.5738  31.237117     28.833    34.9267    27.8651  0.000e+00
       2738 401.583345     29.171     2.6940  31.352538     28.860    34.9380    27.8636  0.000e+00
       2739 401.666678     27.748     2.7512  31.404971     27.452    34.9412    27.8610  0.000e+00
       2740 401.750012     26.685     2.7191  31.373579     26.400    34.9381    27.8614  0.000e+00
       2741 401.833345     26.410     2.7230  31.377688     26.128    34.9390    27.8618  0.000e+00
       2742 401.916678     26.408     2.7216  31.377411     26.126    34.9403    27.8629  0.000e+00
       2743 402.000012     26.710     2.7288  31.385078     26.425    34.9417    27.8634  0.000e+00
       2744 402.083345     27.302     2.6135  31.271998     27.011    34.9276    27.8624  0.000e+00
       2745 402.166678     27.657     2.3346  31.018433     27.362    34.9180    27.8787  0.000e+00
       2746 402.250012     27.030     1.7675  30.492638     26.741    34.8831    27.8964  0.000e+00
       2747 402.333345     26.402     2.5669  31.230732     26.120    34.9279    27.8667  0.000e+00
       2748 402.416678     26.287     2.5861  31.247867     26.006    34.9282    27.8653  0.000e+00
       2749 402.500012     26.659     2.6636  31.318997     26.375    34.9313    27.8609  0.000e+00
       2750 402.583345     27.028     2.6647  31.318609     26.739    34.9294    27.8593  0.000e+00
       2751 402.666678     27.298     2.5004  31.171595     27.006    34.9269    27.8717  0.000e+00
       2752 402.750012     27.415     2.0729  30.779113     27.123    34.9066    27.8912  0.000e+00
       2753 402.833345     26.494     2.0911  30.792178     26.212    34.9035    27.8872  0.000e+00
       2754 402.916678     27.524     2.3829  31.064954     27.230    34.9230    27.8786  0.000e+00
       2755 403.000012     28.778     2.6626  31.323833     28.471    34.9372    27.8657  0.000e+00
       2756 403.083345     29.956     2.7154  31.370145     29.636    34.9360    27.8601  0.000e+00
       2757 403.166678     31.131     2.7171  31.375037     30.798    34.9396    27.8628  0.000e+00
       2758 403.250012     29.982     2.7789  31.430097     29.661    34.9406    27.8581  0.000e+00
       2759 403.333345     27.459     2.5553  31.221865     27.166    34.9290    27.8686  0.000e+00
       2760 403.416678     26.929     2.5384  31.203902     26.642    34.9256    27.8673  0.000e+00
       2761 403.500012     26.877     2.4182  31.089578     26.590    34.9153    27.8694  0.000e+00
       2762 403.583345     26.927     2.4708  31.139797     26.640    34.9201    27.8688  0.000e+00
       2763 403.666678     26.954     2.5870  31.249144     26.667    34.9285    27.8654  0.000e+00
       2764 403.750012     26.772     2.6151  31.274659     26.487    34.9294    27.8637  0.000e+00
       2765 403.833345     26.381     2.6069  31.267890     26.099    34.9302    27.8650  0.000e+00
       2766 403.916678     26.218     2.5781  31.240935     25.938    34.9285    27.8662  0.000e+00
       2767 404.000012     26.420     2.4346  31.105409     26.138    34.9173    27.8696  0.000e+00
       2768 404.083345     26.908     2.5714  31.236833     26.621    34.9303    27.8682  0.000e+00
       2769 404.166678     28.336     2.1559  30.854137     28.034    34.9088    27.8862  0.000e+00
       2770 404.250012     27.691     2.5904  31.254138     27.396    34.9305    27.8667  0.000e+00
       2771 404.333345     26.772     2.6288  31.288641     26.487    34.9317    27.8643  0.000e+00
       2772 404.416678     26.174     2.5841  31.247090     25.894    34.9295    27.8665  0.000e+00
       2773 404.500012     26.358     2.6239  31.285255     26.077    34.9331    27.8658  0.000e+00
       2774 404.583345     26.726     2.6050  31.268557     26.441    34.9329    27.8674  0.000e+00
       2775 404.666678     26.839     2.5634  31.229514     26.553    34.9300    27.8687  0.000e+00
       2776 404.750012     26.745     2.5040  31.174198     26.460    34.9265    27.8710  0.000e+00
       2777 404.833345     26.397     2.4566  31.131931     26.116    34.9261    27.8748  0.000e+00
       2778 404.916678     26.234     2.4202  31.099818     25.954    34.9262    27.8780  0.000e+00
       2779 405.000012     26.414     2.3481  31.029379     26.132    34.9175    27.8771  0.000e+00
       2780 405.083345     26.460     2.3430  31.024346     26.177    34.9168    27.8770  0.000e+00
       2781 405.166678     27.178     2.4022  31.083769     26.888    34.9254    27.8789  0.000e+00
       2782 405.250012     26.920     2.3683  31.050954     26.633    34.9219    27.8790  0.000e+00
       2783 405.333345     26.582     2.4571  31.132597     26.298    34.9263    27.8749  0.000e+00
       2784 405.416678     26.326     2.4292  31.106350     26.045    34.9244    27.8758  0.000e+00
       2785 405.500012     26.397     2.5066  31.179738     26.116    34.9307    27.8741  0.000e+00
       2786 405.583345     26.655     2.5445  31.215155     26.371    34.9330    27.8727  0.000e+00
       2787 405.666678     26.950     2.4519  31.130383     26.662    34.9291    27.8776  0.000e+00
       2788 405.750012     27.148     2.3003  30.989790     26.859    34.9203    27.8834  0.000e+00
       2789 405.833345     26.481     2.3187  31.005656     26.198    34.9202    27.8818  0.000e+00
       2790 405.916678     26.282     2.4580  31.136860     26.002    34.9309    27.8785  0.000e+00
       2791 406.000012     26.190     2.4753  31.151648     25.911    34.9303    27.8765  0.000e+00
       2792 406.083345     26.487     2.4369  31.115486     26.205    34.9273    27.8774  0.000e+00
       2793 406.166678     26.764     2.4299  31.110338     26.478    34.9284    27.8789  0.000e+00
       2794 406.250012     26.881     2.4769  31.153201     26.594    34.9301    27.8762  0.000e+00
       2795 406.333345     26.538     2.4583  31.136196     26.255    34.9295    27.8773  0.000e+00
       2796 406.416678     26.257     2.4310  31.108454     25.977    34.9251    27.8762  0.000e+00
       2797 406.500012     26.257     2.4330  31.112219     25.977    34.9276    27.8780  0.000e+00
       2798 406.583345     26.464     2.4383  31.117867     26.182    34.9286    27.8784  0.000e+00
       2799 406.666678     26.856     2.4019  31.086092     26.569    34.9288    27.8816  0.000e+00
       2800 406.750012     26.784     2.3850  31.071482     26.499    34.9293    27.8834  0.000e+00
       2801 406.833345     26.667     2.3228  31.013287     26.382    34.9251    27.8853  0.000e+00
       2802 406.916678     26.296     2.3162  31.007591     26.016    34.9255    27.8862  0.000e+00
       2803 407.000012     26.204     2.3335  31.022466     25.925    34.9250    27.8844  0.000e+00
       2804 407.083345     26.368     2.3306  31.018871     26.086    34.9236    27.8835  0.000e+00
       2805 407.166678     26.573     2.3147  31.003997     26.289    34.9225    27.8839  0.000e+00
       2806 407.250012     26.688     2.2965  30.987246     26.403    34.9215    27.8847  0.000e+00
       2807 407.333345     26.593     2.2525  30.948504     26.310    34.9216    27.8884  0.000e+00
       2808 407.416678     26.315     2.1923  30.895478     26.034    34.9216    27.8934  0.000e+00
       2809 407.500012     26.287     2.1225  30.828141     26.007    34.9142    27.8932  0.000e+00
       2810 407.583345     26.474     2.1936  30.895257     26.191    34.9198    27.8918  0.000e+00
       2811 407.666678     26.755     2.2187  30.918618     26.469    34.9212    27.8909  0.000e+00
       2812 407.750012     26.911     2.1873  30.889351     26.624    34.9191    27.8918  0.000e+00
       2813 407.833345     26.796     2.1480  30.855899     26.510    34.9206    27.8962  0.000e+00
       2814 407.916678     26.497     2.1774  30.880240     26.214    34.9188    27.8924  0.000e+00
       2815 408.000012     26.269     2.1899  30.891060     25.988    34.9188    27.8913  0.000e+00
       2816 408.083345     26.336     2.1748  30.877203     26.054    34.9180    27.8920  0.000e+00
       2817 408.166678     26.725     2.0399  30.754138     26.439    34.9120    27.8982  0.000e+00
       2818 408.250012     26.794     2.1092  30.817716     26.508    34.9154    27.8952  0.000e+00
       2819 408.333345     26.676     2.1062  30.814186     26.391    34.9144    27.8947  0.000e+00
       2820 408.416678     26.423     2.0855  30.795377     26.141    34.9138    27.8959  0.000e+00
       2821 408.500012     26.287     2.1175  30.826542     26.007    34.9176    27.8963  0.000e+00
       2822 408.583345     26.384     2.2467  30.945686     26.102    34.9246    27.8913  0.000e+00
       2823 408.666678     26.616     2.2216  30.923424     26.332    34.9241    27.8930  0.000e+00
       2824 408.750012     26.798     2.1645  30.868041     26.512    34.9176    27.8925  0.000e+00
       2825 408.833345     26.842     2.1926  30.893933     26.556    34.9190    27.8913  0.000e+00
       2826 408.916678     26.591     2.2171  30.916795     26.307    34.9208    27.8907  0.000e+00
       2827 409.000012     26.315     2.1725  30.878307     26.034    34.9219    27.8953  0.000e+00
       2828 409.083345     26.336     2.2207  30.921103     26.054    34.9224    27.8917  0.000e+00
       2829 409.166678     26.593     2.2273  30.927511     26.310    34.9231    27.8917  0.000e+00
       2830 409.250012     27.167     2.2326  30.934142     26.877    34.9252    27.8929  0.000e+00
       2831 409.333345     27.194     2.2860  30.980780     26.904    34.9247    27.8881  0.000e+00
       2832 409.416678     26.854     2.4477  31.133152     26.567    34.9372    27.8844  0.000e+00
       2833 409.500012     26.510     2.3750  31.062351     26.227    34.9290    27.8841  0.000e+00
       2834 409.583345     26.435     2.3042  30.998413     26.152    34.9271    27.8885  0.000e+00
       2835 409.666678     26.575     2.3406  31.032810     26.291    34.9300    27.8878  0.000e+00
       2836 409.750012     26.805     2.3576  31.048520     26.519    34.9307    27.8869  0.000e+00
       2837 409.833345     26.828     2.3192  31.014228     26.542    34.9301    27.8896  0.000e+00
       2838 409.916678     26.713     2.3396  31.032534     26.428    34.9306    27.8883  0.000e+00
       2839 410.000012     26.412     2.2926  30.988020     26.130    34.9269    27.8893  0.000e+00
       2840 410.083345     26.319     2.2979  30.992331     26.038    34.9265    27.8886  0.000e+00
       2841 410.166678     26.391     2.3052  31.001067     26.109    34.9294    27.8903  0.000e+00
       2842 410.250012     26.596     2.2795  30.977186     26.312    34.9276    27.8910  0.000e+00
       2843 410.333345     27.049     2.1427  30.853968     26.761    34.9238    27.8992  0.000e+00
       2844 410.416678     26.780     2.2422  30.943754     26.494    34.9269    27.8935  0.000e+00
       2845 410.500012     26.616     1.8154  30.553864     26.331    34.9078    27.9125  0.000e+00
       2846 410.583345     26.523     1.8104  30.548201     26.240    34.9062    27.9116  0.000e+00
       2847 410.666678     26.523     1.8201  30.557383     26.240    34.9071    27.9116  0.000e+00
       2848 410.750012     26.717     1.9844  30.706639     26.432    34.9136    27.9038  0.000e+00
       2849 410.833345     26.865     2.1127  30.826599     26.578    34.9227    27.9008  0.000e+00
       2850 410.916678     26.748     2.1003  30.815179     26.462    34.9221    27.9013  0.000e+00
       2851 411.000012     26.609     2.1471  30.853359     26.325    34.9184    27.8946  0.000e+00
       2852 411.083345     26.453     2.1728  30.873505     26.171    34.9155    27.8901  0.000e+00
       2853 411.166678     26.435     2.2501  30.945410     26.152    34.9205    27.8877  0.000e+00
       2854 411.250012     26.529     2.3132  31.005214     26.246    34.9257    27.8866  0.000e+00
       2855 411.333345     26.872     2.3316  31.019371     26.585    34.9229    27.8828  0.000e+00
       2856 411.416678     26.943     2.3287  31.013785     26.656    34.9191    27.8801  0.000e+00
       2857 411.500012     26.782     2.3540  31.035796     26.496    34.9188    27.8777  0.000e+00
       2858 411.583345     26.602     2.4192  31.103694     26.319    34.9320    27.8827  0.000e+00
       2859 411.666678     26.485     2.3866  31.072754     26.202    34.9293    27.8833  0.000e+00
       2860 411.750012     26.596     2.3530  31.041992     26.312    34.9277    27.8849  0.000e+00
       2861 411.833345     26.897     2.3344  31.027224     26.610    34.9296    27.8879  0.000e+00
       2862 411.916678     27.307     2.2243  30.923978     27.016    34.9215    27.8907  0.000e+00
       2863 412.000012     26.960     2.2156  30.917017     26.672    34.9225    27.8922  0.000e+00
       2864 412.083345     27.160     2.0538  30.771615     26.870    34.9185    27.9022  0.000e+00
       2865 412.166678     26.499     2.1636  30.868813     26.216    34.9197    27.8943  0.000e+00
       2866 412.250012     26.482     1.8737  30.591534     26.200    34.8910    27.8945  0.000e+00
       2867 412.333345     26.618     1.8712  30.595000     26.334    34.8981    27.9004  0.000e+00
       2868 412.416678     26.869     1.7800  30.507033     26.582    34.8877    27.8991  0.000e+00
       2869 412.500012     26.948     1.9916  30.698927     26.660    34.8959    27.8891  0.000e+00
       2870 412.583345     26.766     1.9754  30.688462     26.480    34.9006    27.8942  0.000e+00
       2871 412.666678     26.579     2.0157  30.722670     26.296    34.8993    27.8899  0.000e+00
       2872 412.750012     26.528     2.0039  30.710218     26.245    34.8967    27.8888  0.000e+00
       2873 412.833345     26.620     1.7415  30.440679     26.336    34.8464    27.8690  0.000e+00
       2874 412.916678     26.777     1.7251  30.432719     26.491    34.8543    27.8766  0.000e+00
       2875 413.000012     26.825     1.5241  30.214742     26.539    34.8002    27.8482  0.000e+00
       2876 413.083345     26.618     1.4971  30.198264     26.334    34.8092    27.8574  0.000e+00
       2877 413.166678     26.390     1.5390  30.244256     26.109    34.8215    27.8642  0.000e+00
       2878 413.250012     26.332     1.7798  30.485438     26.051    34.8609    27.8776  0.000e+00
       2879 413.333345     26.498     1.7327  30.442875     26.215    34.8590    27.8797  0.000e+00
