m_scripts/WEST/WEST18_SBE37_9382.cnv
* Sea-Bird SBE37SM-RS232  Data File:
* FileName = C:\Users\Nick\Documents\MCS 1 KPH\MCS 1 DATA\Arctic Prize West\SBE37 AP WEST\SBE37SM-RS232_03709382_2019_11_25.hex
* Software version SeatermV2 2.4.1
* Temperature SN = 9382
* Conductivity SN = 9382
* System UpLoad Time = Nov 25 2019 20:38:42
* sample interval = 7200 seconds
* <ApplicationData>
# nquan = 9
# nvalues = 6257                                  
# units = specified
# name 0 = scan: Scan Count
# name 1 = timeJ: Julian Days
# name 2 = prdM: Pressure, Strain Gauge [db]
# name 3 = tv290C: Temperature [ITS-90, deg C]
# name 4 = cond0mS/cm: Conductivity [mS/cm]
# name 5 = depSM: Depth [salt water, m], lat = 81.00
# name 6 = sal00: Salinity, Practical [PSU]
# name 7 = sigma-é00: Density [sigma-theta, kg/m^3]
# name 8 = flag:  0.000e+00
# span 0 =          1,       6257                 
# span 1 = 173.500012, 694.833345                 
# span 2 =     -0.367,     33.115                 
# span 3 =    -1.8562,    22.0355                 
# span 4 =   0.013245,  34.031596                 
# span 5 =     -0.363,     32.761                 
# span 6 =     0.0142,    35.0078                 
# span 7 =    -2.2136,    27.9208                 
# span 8 = 0.0000e+00, 0.0000e+00                 
# interval = seconds: 7200
# start_time = Jun 22 2018 12:00:01 [Instrument's time stamp, first data scan]
# bad_flag = -9.990e-29
*END*
[from data line 3041]
       3041 426.833345     26.691    -1.5522  27.304321     26.406    34.4169    27.6999  0.000e+00
       3042 426.916678     26.822    -0.7464  28.048121     26.535    34.5103    27.7463  0.000e+00
       3043 427.000012     26.956    -1.4028  27.444629     26.669    34.4383    27.7126  0.000e+00
       3044 427.083345     26.879    -1.5226  27.331571     26.592    34.4203    27.7017  0.000e+00
       3045 427.166678     26.783    -1.6168  27.234847     26.497    34.3951    27.6841  0.000e+00
       3046 427.250012     26.607    -1.5967  27.251063     26.323    34.3944    27.6830  0.000e+00
       3047 427.333345     26.695    -1.6268  27.248538     26.410    34.4257    27.7093  0.000e+00
       3048 427.416678     26.906    -1.6525  27.229638     26.619    34.4291    27.7128  0.000e+00
       3049 427.500012     27.056    -1.5853  27.282826     26.767    34.4251    27.7076  0.000e+00
       3050 427.583345     26.979    -1.5251  27.335367     26.691    34.4284    27.7084  0.000e+00
       3051 427.666678     26.734    -1.2297  27.622718     26.449    34.4844    27.7440  0.000e+00
       3052 427.750012     26.438    -0.6947  28.111382     26.156    34.5371    27.7658  0.000e+00
       3053 427.833345     26.757    -1.0951  27.742423     26.471    34.4936    27.7467  0.000e+00
       3054 427.916678     26.956    -1.4214  27.442993     26.669    34.4576    27.7288  0.000e+00
       3055 428.000012     26.990    -1.6433  27.261179     26.702    34.4623    27.7395  0.000e+00
       3056 428.083345     26.955     1.5071  30.178342     26.668    34.7726    27.8273  0.000e+00
       3057 428.166678     26.722    -1.4892  27.378451     26.437    34.4468    27.7222  0.000e+00
       3058 428.250012     26.618    -1.6572  27.220267     26.334    34.4217    27.7069  0.000e+00
       3059 428.333345     26.633    -1.7422  27.141828     26.349    34.4109    27.7005  0.000e+00
       3060 428.416678     26.832    -1.7820  27.112127     26.546    34.4155    27.7054  0.000e+00
       3061 428.500012     27.085    -1.7835  27.111655     26.796    34.4165    27.7062  0.000e+00
       3062 428.583345     27.140    -1.7104  27.193640     26.850    34.4460    27.7282  0.000e+00
       3063 428.666678     26.951    -1.7264  27.177856     26.664    34.4427    27.7259  0.000e+00
       3064 428.750012     26.725    -1.7462  27.155449     26.440    34.4346    27.7199  0.000e+00
       3065 428.833345     26.671    -1.7808  27.111496     26.386    34.4134    27.7036  0.000e+00
       3066 428.916678     26.767    -1.7513  27.134625     26.481    34.4114    27.7012  0.000e+00
       3067 429.000012     27.064    -1.5533  27.327040     26.775    34.4494    27.7263  0.000e+00
       3068 429.083345     27.355    -1.5970  27.280720     27.063    34.4356    27.7164  0.000e+00
       3069 429.166678     27.228    -1.7642  27.134365     26.937    34.4257    27.7132  0.000e+00
       3070 429.250012     26.840    -1.7456  27.156080     26.554    34.4346    27.7199  0.000e+00
       3071 429.333345     26.614    -1.6528  27.233217     26.330    34.4346    27.7173  0.000e+00
       3072 429.416678     26.817    -1.7152  27.177592     26.531    34.4294    27.7148  0.000e+00
       3073 429.500012     27.071    -1.6978  27.202217     26.782    34.4433    27.7256  0.000e+00
       3074 429.583345     27.221    -1.6486  27.243486     26.930    34.4437    27.7245  0.000e+00
       3075 429.666678     26.997    -1.7134  27.206007     26.709    34.4668    27.7452  0.000e+00
       3076 429.750012     26.698    -1.7285  27.183748     26.413    34.4535    27.7348  0.000e+00
       3077 429.833345     26.560    -1.7592  27.153188     26.276    34.4466    27.7300  0.000e+00
       3078 429.916678     26.698    -1.7373  27.181539     26.413    34.4607    27.7409  0.000e+00
       3079 430.000012     27.010    -1.7190  27.189379     26.721    34.4501    27.7318  0.000e+00
       3080 430.083345     27.098    -1.6050  27.296000     26.808    34.4662    27.7415  0.000e+00
       3081 430.166678     27.171    -1.5680  27.330942     26.881    34.4719    27.7450  0.000e+00
       3082 430.250012     26.695    -1.5568  27.342539     26.410    34.4753    27.7475  0.000e+00
       3083 430.333345     26.535    -0.8058  28.034232     26.252    34.5597    27.7888  0.000e+00
       3084 430.416678     26.567     0.9855  29.697710     26.283    34.7365    27.8347  0.000e+00
       3085 430.500012     27.006    -1.1972  27.670420     26.718    34.5123    27.7655  0.000e+00
       3086 430.583345     27.244    -1.3356  27.538724     26.953    34.4905    27.7527  0.000e+00
       3087 430.666678     27.259    -1.0985  27.798163     26.968    34.5737    27.8117  0.000e+00
       3088 430.750012     26.690     1.9170  30.593402     26.405    34.8454    27.8545  0.000e+00
       3089 430.833345     26.480     1.4231  30.111226     26.197    34.7804    27.8396  0.000e+00
       3090 430.916678     26.454     0.2783  29.033701     26.171    34.6640    27.8198  0.000e+00
       3091 431.000012     26.909    -0.9810  27.871245     26.622    34.5385    27.7787  0.000e+00
       3092 431.083345     27.121    -0.6572  28.172461     26.832    34.5765    27.7961  0.000e+00
       3093 431.166678     26.944     0.2736  29.023080     26.656    34.6550    27.8128  0.000e+00
       3094 431.250012     26.623    -1.2882  27.571822     26.338    34.4818    27.7440  0.000e+00
       3095 431.333345     26.408    -1.4613  27.413644     26.126    34.4635    27.7349  0.000e+00
       3096 431.416678     26.511    -1.2301  27.626422     26.228    34.4900    27.7486  0.000e+00
       3097 431.500012     26.750     0.1713  28.931369     26.464    34.6497    27.8142  0.000e+00
       3098 431.583345     27.065     0.6900  29.443861     26.776    34.7378    27.8547  0.000e+00
       3099 431.666678     27.068    -1.4990  27.381618     26.779    34.4623    27.7351  0.000e+00
       3100 431.750012     26.691    -0.7369  28.073143     26.406    34.5335    27.7647  0.000e+00
       3101 431.833345     26.377    -0.0208  28.737799     26.096    34.6106    27.7931  0.000e+00
       3102 431.916678     26.577    -1.3803  27.498820     26.293    34.4874    27.7517  0.000e+00
       3103 432.000012     26.695    -1.4988  27.395335     26.410    34.4813    27.7505  0.000e+00
       3104 432.083345     27.112     0.1156  28.884533     26.822    34.6505    27.8179  0.000e+00
       3105 432.166678     27.420    -0.5409  28.283174     27.128    34.5929    27.8042  0.000e+00
       3106 432.250012     27.137    -1.5236  27.349604     26.847    34.4463    27.7229  0.000e+00
       3107 432.333345     26.711    -1.3544  27.497445     26.426    34.4556    27.7249  0.000e+00
       3108 432.416678     26.485    -1.4983  27.365264     26.202    34.4392    27.7163  0.000e+00
       3109 432.500012     26.745    -1.4810  27.377765     26.460    34.4364    27.7135  0.000e+00
       3110 432.583345     26.972    -1.1096  27.723872     26.684    34.4847    27.7400  0.000e+00
       3111 432.666678     27.194    -1.3840  27.480647     26.904    34.4663    27.7346  0.000e+00
       3112 432.750012     26.852    -1.5990  27.283933     26.566    34.4427    27.7222  0.000e+00
       3113 432.833345     26.434    -1.6571  27.226004     26.152    34.4296    27.7134  0.000e+00
       3114 432.916678     26.389    -1.5880  27.286776     26.107    34.4341    27.7149  0.000e+00
       3115 433.000012     26.572    -1.6328  27.244167     26.288    34.4267    27.7102  0.000e+00
       3116 433.083345     26.890    -1.6616  27.220426     26.603    34.4268    27.7112  0.000e+00
       3117 433.166678     27.152    -1.5954  27.297317     26.862    34.4570    27.7337  0.000e+00
       3118 433.250012     26.894    -1.6300  27.261073     26.607    34.4468    27.7265  0.000e+00
       3119 433.333345     26.461    -1.5687  27.302952     26.178    34.4343    27.7145  0.000e+00
       3120 433.416678     26.366    -1.2881  27.556114     26.084    34.4602    27.7264  0.000e+00
       3121 433.500012     26.603    -1.4180  27.436287     26.319    34.4446    27.7182  0.000e+00
       3122 433.583345     26.921    -1.5997  27.276399     26.634    34.4329    27.7143  0.000e+00
       3123 433.666678     27.087    -1.1479  27.689592     26.798    34.4817    27.7389  0.000e+00
       3124 433.750012     26.910    -1.4586  27.421932     26.623    34.4714    27.7412  0.000e+00
       3125 433.833345     26.496    -1.4901  27.397286     26.213    34.4740    27.7443  0.000e+00
       3126 433.916678     26.266    -1.4588  27.428581     25.985    34.4813    27.7493  0.000e+00
       3127 434.000012     26.469    -1.5165  27.384414     26.186    34.4868    27.7556  0.000e+00
       3128 434.083345     26.783    -1.5563  27.349922     26.497    34.4849    27.7553  0.000e+00
       3129 434.166678     26.986    -1.6314  27.289678     26.698    34.4882    27.7602  0.000e+00
       3130 434.250012     26.871    -1.6493  27.274348     26.585    34.4877    27.7603  0.000e+00
       3131 434.333345     26.507    -1.6466  27.277139     26.224    34.4886    27.7610  0.000e+00
       3132 434.416678     26.365    -1.6133  27.301900     26.083    34.4846    27.7567  0.000e+00
       3133 434.500012     26.511    -1.5404  27.363948     26.228    34.4861    27.7558  0.000e+00
       3134 434.583345     26.806    -1.5966  27.313706     26.520    34.4813    27.7536  0.000e+00
       3135 434.666678     27.064    -1.5288  27.375765     26.775    34.4887    27.7575  0.000e+00
       3136 434.750012     26.917    -1.6404  27.278931     26.630    34.4837    27.7568  0.000e+00
       3137 434.833345     26.595    -1.5858  27.324721     26.311    34.4843    27.7556  0.000e+00
       3138 434.916678     26.304    -1.4908  27.411007     26.023    34.4941    27.7606  0.000e+00
       3139 435.000012     26.404    -1.4700  27.418447     26.122    34.4802    27.7487  0.000e+00
       3140 435.083345     26.676    -1.4796  27.407735     26.391    34.4763    27.7459  0.000e+00
       3141 435.166678     26.925    -1.5367  27.359361     26.638    34.4751    27.7467  0.000e+00
       3142 435.250012     26.860    -1.4571  27.433017     26.574    34.4851    27.7523  0.000e+00
       3143 435.333345     26.580    -1.5316  27.371227     26.296    34.4860    27.7554  0.000e+00
       3144 435.416678     26.362    -1.3873  27.495861     26.080    34.4916    27.7553  0.000e+00
       3145 435.500012     26.473    -1.4847  27.410215     26.190    34.4857    27.7537  0.000e+00
       3146 435.583345     26.768    -1.4953  27.399662     26.482    34.4832    27.7519  0.000e+00
       3147 435.666678     26.975    -1.4813  27.411272     26.687    34.4830    27.7514  0.000e+00
       3148 435.750012     26.929    -1.4755  27.417657     26.642    34.4851    27.7529  0.000e+00
       3149 435.833345     26.626    -1.4795  27.419399     26.342    34.4923    27.7589  0.000e+00
       3150 435.916678     26.346    -1.5771  27.332733     26.065    34.4855    27.7563  0.000e+00
       3151 436.000012     26.350    -1.5013  27.393118     26.069    34.4813    27.7506  0.000e+00
       3152 436.083345     26.584    -1.4742  27.412589     26.300    34.4769    27.7461  0.000e+00
       3153 436.166678     26.841    -1.4794  27.409899     26.555    34.4790    27.7480  0.000e+00
       3154 436.250012     26.818    -1.4363  27.452340     26.532    34.4878    27.7538  0.000e+00
       3155 436.333345     26.614    -1.6427  27.281564     26.330    34.4903    27.7622  0.000e+00
       3156 436.416678     26.476    -1.6909  27.236431     26.193    34.4835    27.7581  0.000e+00
       3157 436.500012     26.476    -1.6645  27.259863     26.193    34.4854    27.7589  0.000e+00
       3158 436.583345     26.672    -1.6068  27.307909     26.387    34.4852    27.7570  0.000e+00
       3159 436.666678     26.894    -1.6179  27.300374     26.607    34.4875    27.7592  0.000e+00
       3160 436.750012     26.894    -1.6318  27.288045     26.607    34.4864    27.7588  0.000e+00
       3161 436.833345     26.710    -1.6342  27.286780     26.425    34.4876    27.7597  0.000e+00
       3162 436.916678     26.411    -1.5675  27.339745     26.129    34.4840    27.7549  0.000e+00
       3163 437.000012     26.327    -1.5779  27.326143     26.046    34.4773    27.7497  0.000e+00
       3164 437.083345     26.457    -1.6337  27.276348     26.175    34.4726    27.7476  0.000e+00
       3165 437.166678     26.729    -1.6651  27.249488     26.444    34.4715    27.7476  0.000e+00
       3166 437.250012     26.829    -1.5763  27.326935     26.543    34.4761    27.7487  0.000e+00
       3167 437.333345     26.714    -1.6094  27.301532     26.429    34.4793    27.7523  0.000e+00
       3168 437.416678     26.480    -1.6721  27.241379     26.197    34.4685    27.7454  0.000e+00
       3169 437.500012     26.430    -1.6521  27.260283     26.148    34.4716    27.7473  0.000e+00
       3170 437.583345     26.664    -1.5898  27.310543     26.380    34.4691    27.7434  0.000e+00
       3171 437.666678     26.795    -1.4397  27.447113     26.509    34.4846    27.7513  0.000e+00
       3172 437.750012     26.876    -1.0316  27.798635     26.589    34.4975    27.7474  0.000e+00
       3173 437.833345     26.730    -0.8047  28.016618     26.444    34.5344    27.7682  0.000e+00
       3174 437.916678     26.392    -1.2874  27.573355     26.111    34.4831    27.7450  0.000e+00
       3175 438.000012     26.293    -1.3511  27.513403     26.012    34.4740    27.7398  0.000e+00
       3176 438.083345     26.377    -1.1684  27.687260     26.096    34.5026    27.7567  0.000e+00
       3177 438.166678     26.588    -1.4287  27.462954     26.304    34.4939    27.7585  0.000e+00
       3178 438.250012     26.756    -1.6127  27.298055     26.471    34.4782    27.7515  0.000e+00
       3179 438.333345     26.783    -1.5691  27.332734     26.497    34.4759    27.7483  0.000e+00
       3180 438.416678     26.622    -1.5446  27.348022     26.338    34.4688    27.7418  0.000e+00
       3181 438.500012     26.457    -1.6202  27.277032     26.175    34.4580    27.7353  0.000e+00
       3182 438.583345     26.480    -1.6606  27.249435     26.197    34.4664    27.7433  0.000e+00
       3183 438.666678     26.664    -1.6167  27.284460     26.380    34.4640    27.7401  0.000e+00
       3184 438.750012     26.787    -1.5833  27.313494     26.501    34.4656    27.7404  0.000e+00
       3185 438.833345     26.825    -1.6259  27.277560     26.539    34.4650    27.7412  0.000e+00
       3186 438.916678     26.641    -1.6366  27.271923     26.357    34.4698    27.7454  0.000e+00
       3187 439.000012     26.411    -1.6236  27.284513     26.129    34.4723    27.7470  0.000e+00
       3188 439.083345     26.369    -1.6164  27.291256     26.087    34.4733    27.7476  0.000e+00
       3189 439.166678     26.507    -1.6052  27.296420     26.224    34.4675    27.7426  0.000e+00
       3190 439.250012     26.737    -1.5953  27.300372     26.452    34.4613    27.7373  0.000e+00
       3191 439.333345     26.787    -1.5234  27.363843     26.501    34.4661    27.7389  0.000e+00
       3192 439.416678     26.714    -1.5724  27.324246     26.429    34.4679    27.7419  0.000e+00
       3193 439.500012     26.565    -1.4992  27.391641     26.281    34.4768    27.7469  0.000e+00
       3194 439.583345     26.453     0.3862  29.096977     26.171    34.6257    27.7827  0.000e+00
       3195 439.666678     26.503     0.0919  28.836753     26.220    34.6143    27.7900  0.000e+00
       3196 439.750012     26.660    -1.1798  27.665122     26.376    34.4851    27.7429  0.000e+00
       3197 439.833345     26.711    -1.4552  27.427790     26.426    34.4758    27.7447  0.000e+00
       3198 439.916678     26.519    -0.4446  28.340163     26.236    34.5604    27.7735  0.000e+00
       3199 440.000012     26.442    -1.4043  27.481175     26.160    34.4909    27.7553  0.000e+00
