m_scripts/EAST/EAST18_SBE16_50214_header.cnv
* Sea-Bird SBE16plus  Data File:
* FileName = C:\Documents and Settings\chris\Desktop\SBE16plus_01650214_2020_01_17.hex
* Software version 2.4.1
* Temperature SN = 50214
* Conductivity SN = 50214
* System UpLoad Time = Jan 17 2020 12:46:11
* <ApplicationData>
* <Seaterm232>
# nquan = 11
# nvalues = 6912                                  
# units = specified
# name 0 = scan: Scan Count
# name 1 = timeJ: Julian Days
# name 2 = prdM: Pressure, Strain Gauge [db]
# name 3 = tv290C: Temperature [ITS-90, deg C]
# name 4 = c0mS/cm: Conductivity [mS/cm]
# name 5 = depSM: Depth [salt water, m], lat = 82.00
# name 6 = sal00: Salinity, Practical [PSU]
# name 7 = sigma-é00: Density [sigma-theta, kg/m^3]
# name 8 = flECO-AFL: Fluorescence, WET Labs ECO-AFL/FL [mg/m^3]
# name 9 = par/sat/log: PAR/Logarithmic, Satlantic
# name 10 = flag:  0.000e+00
# span 0 =          1,       6912                 
# span 1 = 171.500046, 747.416713                 
# span 2 =     -0.830,     31.687                 
# span 3 =   -18.7834,    21.8111                 
# span 4 =   0.000457,  32.120553                 
# span 5 =     -0.821,     31.347                 
# span 6 =    -0.0172,    34.9011                 
# span 7 =    -5.4634,    27.8502                 
# span 8 =    -0.3500,   124.1312                 
# span 9 = 1.0870e-01, 1.1183e+02                 
# span 10 = 0.0000e+00, 0.0000e+00                
# interval = seconds: 7200
# start_time = Jun 20 2018 12:00:04 [Instrument's time stamp, first data scan]
# bad_flag = -9.990e-29
*END*
[from data line 787]
        788 237.083380     25.578     2.8251  31.015925     25.305    34.3841    27.4093     1.2713 4.9261e+00  0.000e+00
        789 237.166713     25.379     2.1752  30.456231     25.107    34.3917    27.4704     0.7486 1.3975e+01  0.000e+00
        790 237.250046     25.147     2.3693  30.606158     24.878    34.3686    27.4360     0.7582 1.8271e+01  0.000e+00
        791 237.333380     25.157     2.2925  30.522042     24.888    34.3470    27.4251     0.9737 3.1100e+01  0.000e+00
        792 237.416713     25.449     2.3917  30.624744     25.177    34.3674    27.4332     1.0653 2.7608e+01  0.000e+00
        793 237.500046     25.622     2.8466  31.050695     25.348    34.4036    27.4230     1.7729 1.9164e+01  0.000e+00
        794 237.583380     25.554     2.9556  31.144745     25.280    34.4021    27.4120     1.4601 1.4525e+01  0.000e+00
        795 237.666713     25.403     2.3584  30.587015     25.131    34.3564    27.4272     1.3113 1.0856e+01  0.000e+00
        796 237.750046     25.160     2.3689  30.592627     24.891    34.3522    27.4230     0.7811 5.8481e+00  0.000e+00
        797 237.833380     25.074     2.2392  30.469227     24.806    34.3388    27.4229     0.6876 2.5938e+00  0.000e+00
        798 237.916713     25.161     2.4490  30.679178     24.892    34.3732    27.4331     1.1492 1.0085e+00  0.000e+00
        799 238.000046     25.409     2.8488  31.053574     25.137    34.4049    27.4238     1.6051 9.1197e-01  0.000e+00
        800 238.083380     25.724     2.5393  30.759634     25.448    34.3752    27.4271     1.2293 2.1520e+00  0.000e+00
        801 238.166713     25.551     2.5185  30.735280     25.278    34.3676    27.4228     1.1034 2.9621e+00  0.000e+00
        802 238.250046     25.246     2.4779  30.688167     24.976    34.3532    27.4147     1.2903 1.1586e+01  0.000e+00
        803 238.333380     25.154     2.2210  30.443841     24.885    34.3267    27.4147     1.0061 1.6800e+01  0.000e+00
        804 238.416713     25.337     2.4253  30.653782     25.066    34.3672    27.4303     1.2064 9.4759e+00  0.000e+00
        805 238.500046     25.442     2.8482  31.042508     25.170    34.3920    27.4135     1.6451 1.1090e+01  0.000e+00
        806 238.583380     25.793     2.8350  31.038051     25.517    34.4004    27.4214     1.7805 5.4928e+00  0.000e+00
        807 238.666713     25.579     2.5287  30.742084     25.305    34.3650    27.4198     1.2961 3.7302e+00  0.000e+00
        808 238.750046     25.280     2.2773  30.494452     25.010    34.3290    27.4119     0.8669 1.8625e+00  0.000e+00
        809 238.833380     25.319     2.3119  30.546443     25.048    34.3562    27.4309     0.8536 2.2748e+00  0.000e+00
        810 238.916713     25.298     2.2613  30.492940     25.027    34.3443    27.4255     1.1721 1.8253e+00  0.000e+00
        811 239.000046     25.591     2.4473  30.679179     25.317    34.3748    27.4345     1.4220 1.2848e+00  0.000e+00
        812 239.083380     25.988     2.3958  30.628677     25.710    34.3674    27.4329     1.4830 2.5559e+00  0.000e+00
        813 239.166713     25.732     2.3349  30.558450     25.457    34.3461    27.4210     1.0596 6.2780e+00  0.000e+00
        814 239.250046     25.488     2.6647  30.891426     25.216    34.4032    27.4386     0.8936 7.0904e+00  0.000e+00
        815 239.333380     25.194     2.3117  30.618855     24.925    34.4467    27.5034     0.7792 1.1569e+01  0.000e+00
        816 239.416713     25.266     2.3016  30.533148     24.995    34.3508    27.4274     1.2503 5.6671e+00  0.000e+00
        817 239.500046     25.254     2.4608  30.692553     24.984    34.3770    27.4351     1.4429 9.3981e+00  0.000e+00
        818 239.583380     25.947     2.3873  30.616210     25.669    34.3612    27.4287     1.5841 6.2971e+00  0.000e+00
        819 239.666713     25.811     2.4757  30.688394     25.535    34.3555    27.4167     1.3151 5.5950e+00  0.000e+00
        820 239.750046     25.511     2.3177  30.530118     25.238    34.3295    27.4091     1.5345 2.1426e+00  0.000e+00
        821 239.833380     25.152     2.3123  30.530566     24.883    34.3361    27.4148     1.4410 1.5213e+00  0.000e+00
        822 239.916713     25.329     2.2539  30.473991     25.058    34.3287    27.4137     1.0195 8.2483e-01  0.000e+00
        823 240.000046     25.481     2.3195  30.547958     25.208    34.3498    27.4252     1.5841 1.5977e+00  0.000e+00
        824 240.083380     25.982     2.3138  30.535561     25.704    34.3402    27.4180     1.4334 3.2622e+00  0.000e+00
        825 240.166713     25.975     2.6455  30.850643     25.697    34.3732    27.4163     1.4868 6.2292e+00  0.000e+00
        826 240.250046     25.634     2.6366  30.822262     25.359    34.3479    27.3969     1.9293 1.0161e+01  0.000e+00
        827 240.333380     25.315     2.3091  30.520302     25.044    34.3267    27.4076     1.5898 2.0040e+01  0.000e+00
        828 240.416713     25.238     2.3205  30.540102     24.968    34.3391    27.4165     1.6756 2.3220e+01  0.000e+00
        829 240.500046     25.331     2.3092  30.526865     25.060    34.3348    27.4140     1.5574 1.9971e+01  0.000e+00
        830 240.583380     25.981     2.2658  30.480999     25.703    34.3241    27.4090     1.5326 1.2626e+01  0.000e+00
        831 240.666713     26.774     2.5249  30.718412     26.487    34.3391    27.3994     1.9942 4.3892e+00  0.000e+00
        832 240.750046     25.781     3.1423  31.286108     25.505    34.3750    27.3732     2.3451 2.0234e+00  0.000e+00
        833 240.833380     25.475     2.3876  30.587405     25.203    34.3254    27.4000     1.9865 7.3813e-01  0.000e+00
        834 240.916713     25.210     2.3894  30.604640     24.940    34.3450    27.4155     1.8912 8.5248e-01  0.000e+00
        835 241.000046     25.258     2.4003  30.614241     24.988    34.3451    27.4147     1.9045 1.2022e+00  0.000e+00
        836 241.083380     25.815     2.3057  30.516434     25.539    34.3253    27.4067     1.4811 2.3157e+00  0.000e+00
        837 241.166713     26.259     3.1425  31.272634     25.978    34.3582    27.3598     2.3604 2.0068e+00  0.000e+00
        838 241.250046     26.419     2.9782  31.146271     26.136    34.3793    27.3917     1.2503 7.4660e+00  0.000e+00
        839 241.333380     25.716     2.7794  31.040540     25.441    34.4633    27.4766     0.7963 9.7131e+00  0.000e+00
        840 241.416713     25.476     2.6502  30.843826     25.203    34.3600    27.4054     1.9560 8.2084e+00  0.000e+00
        841 241.500046     25.231     2.3661  30.580109     24.961    34.3396    27.4131     1.8053 9.6669e+00  0.000e+00
        842 241.583380     25.675     3.0289  31.170801     25.400    34.3555    27.3681     2.0686 4.3494e+00  0.000e+00
        843 241.666713     26.498     2.6758  30.823781     26.215    34.3073    27.3610     1.5402 6.8456e+00  0.000e+00
        844 241.750046     26.534     2.7493  30.918923     26.250    34.3455    27.3852     1.5040 3.3410e+00  0.000e+00
        845 241.833380     26.212     2.7107  30.883028     25.931    34.3429    27.3865     1.2427 8.1505e-01  0.000e+00
        846 241.916713     25.520     3.0712  31.212480     25.247    34.3613    27.3688     2.4882 3.5807e-01  0.000e+00
        847 242.000046     25.252     3.0525  31.210953     24.982    34.3796    27.3852     2.4577 7.1434e-01  0.000e+00
        848 242.083380     25.430     2.3855  30.596556     25.157    34.3391    27.4111     2.3528 2.3840e+00  0.000e+00
        849 242.166713     26.462     2.8921  31.039627     26.179    34.3409    27.3688     1.4830 4.7211e+00  0.000e+00
        850 242.250046     26.453     1.7783  30.048535     26.170    34.3102    27.4361     0.8097 9.3311e+00  0.000e+00
        851 242.333380     25.527     2.2009  30.398860     25.254    34.2921    27.3886     1.3323 1.0656e+01  0.000e+00
        852 242.416713     25.444     2.8281  30.977782     25.172    34.3340    27.3690     1.5917 3.2622e+00  0.000e+00
        853 242.500046     25.160     2.4920  30.707222     24.891    34.3616    27.4202     1.3285 5.7563e+00  0.000e+00
        854 242.583380     25.175     2.5661  30.766437     24.905    34.3551    27.4087     2.1525 2.3690e+00  0.000e+00
        855 242.666713     26.144     2.9250  31.072711     25.864    34.3464    27.3702     1.7042 1.0085e+00  0.000e+00
        856 242.750046     26.861     2.2200  30.420651     26.573    34.2979    27.3917     1.3075 3.8455e-01  0.000e+00
        857 242.833380     25.952     1.8758  30.137506     25.674    34.3166    27.4338     1.0271 1.5500e-01  0.000e+00
        858 242.916713     26.291     2.5749  30.722567     26.010    34.2908    27.3565     2.2173 1.8895e-01  0.000e+00
        859 243.000046     25.242     2.8858  31.061813     24.972    34.3755    27.3970     1.8492 5.9613e-01  0.000e+00
        860 243.083380     25.370     2.8798  31.050917     25.098    34.3685    27.3919     1.9484 1.2778e+00  0.000e+00
        861 243.166713     26.058     2.6397  30.839887     25.779    34.3661    27.4112     1.5154 4.1874e+00  0.000e+00
        862 243.250046     26.355     2.1113  30.332367     26.073    34.3055    27.4066     2.0323 9.6125e+00  0.000e+00
        863 243.333380     25.634     1.7686  30.050373     25.360    34.3236    27.4476     1.7615 7.2051e+00  0.000e+00
        864 243.416713     25.986     2.2749  30.487053     25.708    34.3219    27.4065     1.5135 5.7189e+00  0.000e+00
        865 243.500046     25.553     2.7478  30.931999     25.280    34.3638    27.3999     2.2040 6.7894e+00  0.000e+00
        866 243.583380     26.502     2.6193  30.802001     26.218    34.3411    27.3930     2.0571 1.0320e+00  0.000e+00
        867 243.666713     27.738     2.0512  30.289805     27.441    34.3165    27.4202     1.4239 8.8989e-01  0.000e+00
        868 243.750046     28.714     2.0001  30.259227     28.406    34.3330    27.4373     1.4868 4.7409e-01  0.000e+00
        869 243.833380     26.774     1.8849  30.160899     26.487    34.3357    27.4484     1.2598 3.3024e-01  0.000e+00
        870 243.916713     26.280     1.8357  30.118032     25.999    34.3355    27.4521     1.0424 2.0262e-01  0.000e+00
        871 244.000046     25.750     1.8629  30.142698     25.474    34.3373    27.4515     0.9432 5.9561e-01  0.000e+00
        872 244.083380     25.398     1.9648  30.244351     25.127    34.3546    27.4574     1.2007 2.2601e+00  0.000e+00
        873 244.166713     25.716     1.9195  30.205407     25.441    34.3547    27.4610     1.2217 6.4562e+00  0.000e+00
        874 244.250046     26.355     1.8003  30.092760     26.073    34.3422    27.4601     0.9756 8.6040e+00  0.000e+00
        875 244.333380     25.612     2.4859  30.729490     25.338    34.3956    27.4479     1.3228 1.3755e+01  0.000e+00
        876 244.416713     25.461     2.6711  30.902921     25.189    34.4105    27.4439     1.7805 1.7625e+01  0.000e+00
        877 244.500046     25.320     2.3980  30.632157     25.049    34.3698    27.4346     1.2541 1.3758e+01  0.000e+00
        878 244.583380     25.203     1.9257  30.209260     24.934    34.3531    27.4592     1.0920 1.1810e+01  0.000e+00
        879 244.666713     25.428     1.8794  30.165196     25.156    34.3478    27.4586     1.2789 7.3408e+00  0.000e+00
        880 244.750046     25.872     1.8574  30.150626     25.596    34.3531    27.4646     1.0500 2.3031e+00  0.000e+00
        881 244.833380     25.551     2.6378  30.871371     25.278    34.4073    27.4443     1.2083 7.1434e-01  0.000e+00
        882 244.916713     25.177     2.6593  30.892102     24.908    34.4099    27.4445     1.1893 1.6417e-01  0.000e+00
        883 245.000046     25.504     2.4838  30.723642     25.231    34.3906    27.4441     0.9241 1.9064e-01  0.000e+00
        884 245.083380     25.348     1.8709  30.156653     25.076    34.3464    27.4581     1.1645 1.1480e+00  0.000e+00
        885 245.166713     25.497     1.8439  30.135163     25.224    34.3486    27.4620     1.0538 2.2709e+00  0.000e+00
        886 245.250046     25.710     1.8529  30.140745     25.435    34.3458    27.4590     1.4029 3.2835e+00  0.000e+00
        887 245.333380     25.698     1.8632  30.152747     25.424    34.3497    27.4613     1.3266 8.4890e+00  0.000e+00
        888 245.416713     25.330     2.2372  30.492045     25.059    34.3692    27.4475     1.2007 1.1810e+01  0.000e+00
        889 245.500046     25.573     2.4600  30.698457     25.300    34.3851    27.4417     1.1759 7.9112e+00  0.000e+00
        890 245.583380     25.159     1.9387  30.216578     24.889    34.3482    27.4544     1.5402 4.6489e+00  0.000e+00
        891 245.666713     25.331     1.9847  30.264362     25.060    34.3581    27.4587     1.2694 4.0595e+00  0.000e+00
        892 245.750046     25.978     1.8939  30.177481     25.700    34.3473    27.4570     1.2408 7.6204e-01  0.000e+00
        893 245.833380     26.397     1.8913  30.176589     26.115    34.3488    27.4584     1.3609 1.5527e-01  0.000e+00
        894 245.916713     25.924     2.0672  30.336679     25.647    34.3589    27.4529     1.0729 1.5480e-01  0.000e+00
        895 246.000046     25.961     2.4505  30.682889     25.683    34.3757    27.4350     1.7367 2.0621e-01  0.000e+00
        896 246.083380     25.263     2.5336  30.764302     24.993    34.3874    27.4373     1.7138 7.1885e-01  0.000e+00
        897 246.166713     25.316     2.1963  30.452530     25.045    34.3642    27.4467     1.5765 2.1660e+00  0.000e+00
        898 246.250046     26.231     1.9714  30.248433     25.950    34.3520    27.4549     1.6299 3.0501e+00  0.000e+00
        899 246.333380     26.700     1.9291  30.211610     26.415    34.3515    27.4577     1.2617 2.9181e+00  0.000e+00
        900 246.416713     25.852     2.8358  31.069387     25.575    34.4380    27.4514     1.3438 3.3643e+00  0.000e+00
        901 246.500046     26.125     3.0304  31.246889     25.846    34.4465    27.4406     1.3247 3.7521e+00  0.000e+00
        902 246.583380     25.480     2.8644  31.070005     25.208    34.4083    27.4251     1.4181 5.0221e+00  0.000e+00
        903 246.666713     24.973     2.7020  30.912554     24.706    34.3894    27.4243     1.6413 1.5134e+00  0.000e+00
        904 246.750046     25.610     2.4993  30.694518     25.336    34.3378    27.4005     1.6623 1.4831e+00  0.000e+00
        905 246.833380     26.328     2.6884  30.893849     26.047    34.3802    27.4182     1.6280 2.9972e-01  0.000e+00
        906 246.916713     25.826     2.8038  31.008366     25.550    34.3974    27.4218     1.7939 1.5497e-01  0.000e+00
        907 247.000046     25.699     3.0772  31.300442     25.424    34.4621    27.4487     1.6547 2.2199e-01  0.000e+00
        908 247.083380     25.921     2.6117  30.810837     25.644    34.3605    27.4091     1.8702 9.5034e-01  0.000e+00
        909 247.166713     25.185     2.5497  30.748324     24.916    34.3504    27.4063     1.9636 2.4436e+00  0.000e+00
        910 247.250046     25.235     2.5435  30.758225     24.965    34.3693    27.4219     2.5778 5.0330e+00  0.000e+00
        911 247.333380     25.720     2.6169  30.825530     25.445    34.3731    27.4188     1.9007 6.0704e+00  0.000e+00
        912 247.416713     25.399     2.6172  30.823164     25.127    34.3701    27.4163     1.6413 6.2441e+00  0.000e+00
        913 247.500046     25.248     2.5609  30.745398     24.978    34.3346    27.3928     1.9121 5.3586e+00  0.000e+00
        914 247.583380     25.146     2.5780  30.776057     24.877    34.3542    27.4070     2.3127 2.4649e+00  0.000e+00
        915 247.666713     25.173     2.5839  30.755071     24.904    34.3219    27.3806     2.1277 2.0340e+00  0.000e+00
        916 247.750046     25.228     2.5651  30.759686     24.958    34.3478    27.4029     1.6909 3.6552e-01  0.000e+00
        917 247.833380     25.726     2.3640  30.598973     25.451    34.3651    27.4337     1.2617 1.5490e-01  0.000e+00
        918 247.916713     25.571     2.1379  30.393155     25.298    34.3532    27.4426     0.9699 1.5460e-01  0.000e+00
