m_scripts/EAST/EAST18_SBE16_50214_header.cnv
* Sea-Bird SBE16plus  Data File:
* FileName = C:\Documents and Settings\chris\Desktop\SBE16plus_01650214_2020_01_17.hex
* Software version 2.4.1
* Temperature SN = 50214
* Conductivity SN = 50214
* System UpLoad Time = Jan 17 2020 12:46:11
* <ApplicationData>
* <Seaterm232>
# nquan = 11
# nvalues = 6912                                  
# units = specified
# name 0 = scan: Scan Count
# name 1 = timeJ: Julian Days
# name 2 = prdM: Pressure, Strain Gauge [db]
# name 3 = tv290C: Temperature [ITS-90, deg C]
# name 4 = c0mS/cm: Conductivity [mS/cm]
# name 5 = depSM: Depth [salt water, m], lat = 82.00
# name 6 = sal00: Salinity, Practical [PSU]
# name 7 = sigma-é00: Density [sigma-theta, kg/m^3]
# name 8 = flECO-AFL: Fluorescence, WET Labs ECO-AFL/FL [mg/m^3]
# name 9 = par/sat/log: PAR/Logarithmic, Satlantic
# name 10 = flag:  0.000e+00
# span 0 =          1,       6912                 
# span 1 = 171.500046, 747.416713                 
# span 2 =     -0.830,     31.687                 
# span 3 =   -18.7834,    21.8111                 
# span 4 =   0.000457,  32.120553                 
# span 5 =     -0.821,     31.347                 
# span 6 =    -0.0172,    34.9011                 
# span 7 =    -5.4634,    27.8502                 
# span 8 =    -0.3500,   124.1312                 
# span 9 = 1.0870e-01, 1.1183e+02                 
# span 10 = 0.0000e+00, 0.0000e+00                
# interval = seconds: 7200
# start_time = Jun 20 2018 12:00:04 [Instrument's time stamp, first data scan]
# bad_flag = -9.990e-29
*END*
[from data line 5771]
       5772 652.416713     25.313    -1.8079  26.276118     25.042    33.2794    26.7821     0.3061 1.3321e+00  0.000e+00
       5773 652.500046     25.613    -1.8094  26.272460     25.339    33.2758    26.7792     0.3347 1.5510e-01  0.000e+00
       5774 652.583380     27.444    -1.8201  26.278404     27.151    33.2950    26.7951     0.3157 1.5514e-01  0.000e+00
       5775 652.666713     28.589    -0.5880  27.565986     28.283    33.6787    27.0665     0.1841 1.5524e-01  0.000e+00
       5776 652.750046     26.280    -1.3408  26.738819     25.999    33.3952    26.8638     0.3443 1.5510e-01  0.000e+00
       5777 652.833380     25.479    -1.7744  26.384696     25.206    33.3928    26.8736     0.1593 1.5497e-01  0.000e+00
       5778 652.916713     25.268    -1.7938  26.285185     24.998    33.2762    26.7792     0.3843 1.5497e-01  0.000e+00
       5779 653.000046     25.661    -1.7960  26.290172     25.386    33.2854    26.7867     0.3328 1.5487e-01  0.000e+00
       5780 653.083380     28.133    -1.6539  26.463073     27.832    33.3644    26.8475     0.2604 1.5534e-01  0.000e+00
       5781 653.166713     27.775    -1.3814  26.681048     27.478    33.3602    26.8366     0.3557 1.5483e-01  0.000e+00
       5782 653.250046     25.945    -1.7638  26.391230     25.667    33.3897    26.8708     0.1650 1.5531e-01  0.000e+00
       5783 653.333380     25.214    -1.7749  26.394097     24.944    33.4066    26.8848     0.1593 2.1761e-01  0.000e+00
       5784 653.416713     25.131    -1.7612  26.409076     24.862    33.4121    26.8889     0.1268 7.1326e-01  0.000e+00
       5785 653.500046     25.268    -1.7712  26.388679     24.997    33.3949    26.8752     0.2222 1.5625e-01  0.000e+00
       5786 653.583380     27.730    -1.7770  26.371638     27.433    33.3761    26.8601     0.2165 1.5500e-01  0.000e+00
       5787 653.666713     27.128    -1.7722  26.387940     26.838    33.3938    26.8743     0.1593 1.5504e-01  0.000e+00
       5788 653.750046     27.084    -1.7829  26.371266     26.794    33.3826    26.8655     0.2031 1.5490e-01  0.000e+00
       5789 653.833380     25.961    -1.7841  26.382468     25.683    33.4003    26.8799     0.1803 1.5504e-01  0.000e+00
       5790 653.916713     25.491    -1.7780  26.358253     25.218    33.3601    26.8470     0.2451 1.5504e-01  0.000e+00
       5791 654.000046     25.369    -1.7269  26.437981     25.098    33.4135    26.8892     0.1898 1.5497e-01  0.000e+00
       5792 654.083380     26.269    -1.7568  26.416251     25.988    33.4163    26.8923     0.1555 1.5480e-01  0.000e+00
       5793 654.166713     27.249    -1.7729  26.395270     26.957    33.4048    26.8833     0.1268 1.5500e-01  0.000e+00
       5794 654.250046     27.448    -1.2390  26.800056     27.154    33.3647    26.8360     0.3386 1.5534e-01  0.000e+00
       5795 654.333380     25.990    -1.8119  26.350931     25.712    33.3877    26.8703     0.1154 3.4872e-01  0.000e+00
       5796 654.416713     25.533    -1.7163  26.424004     25.260    33.3820    26.8634     0.1879 9.4111e-01  0.000e+00
       5797 654.500046     25.087    -1.7634  26.365046     24.818    33.3533    26.8412     0.2165 1.5494e-01  0.000e+00
       5798 654.583380     26.294    -1.7634  26.406742     26.012    33.4105    26.8877     0.1669 1.5517e-01  0.000e+00
       5799 654.666713     27.055    -1.7789  26.353638     26.766    33.3537    26.8419     0.1593 1.5497e-01  0.000e+00
       5800 654.750046     28.796     0.7301  28.825914     28.487    33.8884    27.1684     0.3004 1.5504e-01  0.000e+00
       5801 654.833380     26.843    -1.1975  26.827085     26.555    33.3558    26.8274     0.3843 1.5504e-01  0.000e+00
       5802 654.916713     25.898    -1.6522  26.509764     25.621    33.4286    26.8997     0.1307 1.5477e-01  0.000e+00
       5803 655.000046     25.235    -1.7497  26.419914     24.965    33.4141    26.8903     0.1631 1.5507e-01  0.000e+00
       5804 655.083380     26.030    -1.7846  26.380928     25.752    33.3987    26.8786     0.1173 1.5507e-01  0.000e+00
       5805 655.166713     27.646    -0.5156  27.636991     27.350    33.6941    27.0760     0.1478 1.5490e-01  0.000e+00
       5806 655.250046     28.867     0.6134  28.846071     28.557    34.0428    27.2997     0.1974 1.5517e-01  0.000e+00
       5807 655.333380     26.450    -1.2641  26.785101     26.167    33.3728    26.8433     0.4053 1.5497e-01  0.000e+00
       5808 655.416713     25.775    -1.7325  26.434847     25.499    33.4151    26.8907     0.1078 4.4790e-01  0.000e+00
       5809 655.500046     25.240    -1.7548  26.429427     24.970    33.4331    26.9058     0.0811 1.5504e-01  0.000e+00
       5810 655.583380     25.796    -1.7324  26.437026     25.520    33.4181    26.8931     0.2050 1.5490e-01  0.000e+00
       5811 655.666713     27.402    -1.7023  26.468499     27.108    33.4268    26.8994     0.1516 1.5490e-01  0.000e+00
       5812 655.750046     27.215    -0.0841  28.095386     26.924    33.8275    27.1639     0.1898 1.5473e-01  0.000e+00
       5813 655.833380     27.397    -1.0510  27.120387     27.104    33.5926    27.0145     0.1421 1.5470e-01  0.000e+00
       5814 655.916713     25.728    -1.7512  26.424220     25.453    33.4215    26.8963     0.1211 1.5490e-01  0.000e+00
       5815 656.000046     25.365    -1.7202  26.423632     25.094    33.3860    26.8667     0.1440 1.5504e-01  0.000e+00
       5816 656.083380     25.987    -1.7487  26.420873     25.708    33.4138    26.8900     0.1383 1.5514e-01  0.000e+00
       5817 656.166713     26.665    -1.7311  26.442450     26.380    33.4236    26.8975     0.1917 1.5477e-01  0.000e+00
       5818 656.250046     26.767     0.6400  28.800727     26.481    33.9557    27.2280     0.2298 1.5497e-01  0.000e+00
       5819 656.333380     27.508    -0.3103  27.873832     27.214    33.7833    27.1390     0.1669 1.5470e-01  0.000e+00
       5820 656.416713     25.535    -1.6769  26.490668     25.262    33.4302    26.9016     0.1383 1.5510e-01  0.000e+00
       5821 656.500046     25.305    -1.7888  26.381033     25.034    33.4041    26.8831     0.1841 1.5497e-01  0.000e+00
       5822 656.583380     25.806    -1.7542  26.412743     25.530    33.4088    26.8861     0.1230 1.5517e-01  0.000e+00
       5823 656.666713     25.843    -1.7532  26.428100     25.567    33.4290    26.9025     0.1497 1.5497e-01  0.000e+00
       5824 656.750046     27.221     1.1455  29.297643     26.929    34.0439    27.2672     0.2241 1.5531e-01  0.000e+00
       5825 656.833380     27.187     0.8691  29.011750     26.896    33.9779    27.2319     0.2279 1.5473e-01  0.000e+00
       5826 656.916713     25.773    -1.7794  26.371421     25.498    33.3797    26.8631     0.1860 1.5473e-01  0.000e+00
       5827 657.000046     25.243    -1.8084  26.374715     24.973    33.4174    26.8943     0.1478 1.5457e-01  0.000e+00
       5828 657.083380     25.481    -1.7083  26.462486     25.208    33.4264    26.8993     0.1555 1.5497e-01  0.000e+00
       5829 657.166713     25.778    -1.6145  26.568893     25.502    33.4683    26.9309     0.1383 1.5497e-01  0.000e+00
       5830 657.250046     26.755     0.3373  28.472467     26.469    33.8598    27.1680     0.2260 1.5487e-01  0.000e+00
       5831 657.333380     26.166     0.0623  28.211357     25.886    33.8196    27.1502     0.1764 1.5470e-01  0.000e+00
       5832 657.416713     25.298    -1.7382  26.430967     25.027    33.4165    26.8920     0.1745 1.5534e-01  0.000e+00
       5833 657.500046     25.112    -1.8030  26.399730     24.844    33.4462    26.9177     0.1249 1.5524e-01  0.000e+00
       5834 657.583380     25.076    -1.7405  26.459351     24.807    33.4587    26.9263     0.1211 1.5470e-01  0.000e+00
       5835 657.666713     25.441    -1.6793  26.508222     25.169    33.4573    26.9236     0.1345 1.5497e-01  0.000e+00
       5836 657.750046     26.391     1.0556  29.213919     26.108    34.0350    27.2660     0.2203 1.5500e-01  0.000e+00
       5837 657.833380     26.240     1.3820  29.547855     25.959    34.1067    27.3016     0.2203 1.5504e-01  0.000e+00
       5838 657.916713     25.665    -0.9904  27.166586     25.391    33.5888    27.0093     0.1555 1.5483e-01  0.000e+00
       5839 658.000046     24.997    -1.8117  26.379388     24.729    33.4278    26.9029     0.1555 1.5473e-01  0.000e+00
       5840 658.083380     25.172    -1.7965  26.405573     24.902    33.4470    26.9181     0.1726 1.5494e-01  0.000e+00
       5841 658.166713     25.495    -0.9669  27.216689     25.222    33.6308    27.0425     0.1688 1.5510e-01  0.000e+00
       5842 658.250046     26.034     0.9399  29.103568     25.755    34.0197    27.2611     0.2108 1.5510e-01  0.000e+00
       5843 658.333380     26.628     2.1965  30.436676     26.343    34.3435    27.4301     0.2050 1.5490e-01  0.000e+00
       5844 658.416713     25.527    -1.6710  26.511520     25.254    33.4525    26.9195     0.1593 1.5504e-01  0.000e+00
       5845 658.500046     24.835    -1.7420  26.453556     24.570    33.4524    26.9213     0.1917 1.5510e-01  0.000e+00
       5846 658.583380     25.008    -1.7221  26.472376     24.741    33.4560    26.9237     0.1650 1.5494e-01  0.000e+00
       5847 658.666713     25.404    -1.3737  26.784680     25.132    33.4957    26.9464     0.1879 1.5531e-01  0.000e+00
       5848 658.750046     26.172     1.0061  29.174215     25.892    34.0382    27.2717     0.2222 1.5510e-01  0.000e+00
       5849 658.833380     26.990     0.0215  28.173207     26.701    33.8138    27.1476     0.2165 1.5490e-01  0.000e+00
       5850 658.916713     25.646    -1.7743  26.403235     25.371    33.4184    26.8944     0.1955 1.5463e-01  0.000e+00
       5851 659.000046     25.127    -1.7619  26.432138     24.858    33.4450    26.9157     0.1192 1.5477e-01  0.000e+00
       5852 659.083380     24.999    -1.7355  26.465996     24.732    33.4624    26.9292     0.1516 1.5467e-01  0.000e+00
       5853 659.166713     25.252    -1.2019  26.961919     24.982    33.5464    26.9821     0.1898 1.5504e-01  0.000e+00
       5854 659.250046     25.591     1.3496  29.520382     25.317    34.1073    27.3043     0.1955 1.5473e-01  0.000e+00
       5855 659.333380     26.252    -1.0846  27.044027     25.971    33.5266    26.9622     0.2089 1.5531e-01  0.000e+00
       5856 659.416713     25.848    -1.0797  27.059945     25.571    33.5431    26.9754     0.1974 1.5487e-01  0.000e+00
       5857 659.500046     25.242    -1.8060  26.400899     24.972    33.4512    26.9218     0.1268 1.5504e-01  0.000e+00
       5858 659.583380     24.941    -1.8228  26.403237     24.674    33.4736    26.9404     0.0830 1.5477e-01  0.000e+00
       5859 659.666713     25.001    -1.7779  26.453719     24.734    33.4932    26.9552     0.1020 1.5460e-01  0.000e+00
       5860 659.750046     25.535    -0.6482  27.525619     25.262    33.6933    27.0808     0.1879 1.5473e-01  0.000e+00
       5861 659.833380     25.800    -1.2629  26.930347     25.524    33.5711    27.0042     0.1593 1.5490e-01  0.000e+00
       5862 659.916713     25.665    -1.7930  26.427518     25.390    33.4733    26.9394     0.1249 1.5483e-01  0.000e+00
       5863 660.000046     25.388    -1.8153  26.407700     25.116    33.4711    26.9382     0.0944 1.5510e-01  0.000e+00
       5864 660.083380     25.013    -1.8058  26.428102     24.746    33.4891    26.9526     0.0982 1.5524e-01  0.000e+00
       5865 660.166713     24.979    -1.8069  26.436233     24.712    33.5016    26.9628     0.1173 1.5504e-01  0.000e+00
       5866 660.250046     25.287    -1.7815  26.465416     25.017    33.5134    26.9718     0.0868 1.5507e-01  0.000e+00
       5867 660.333380     25.767    -1.7852  26.461909     25.492    33.5123    26.9710     0.1154 1.5517e-01  0.000e+00
       5868 660.416713     25.525    -1.7994  26.445961     25.252    33.5064    26.9665     0.0868 1.5494e-01  0.000e+00
       5869 660.500046     25.242    -1.7864  26.452178     24.972    33.5005    26.9614     0.0811 1.5480e-01  0.000e+00
       5870 660.583380     24.930    -1.7898  26.461109     24.664    33.5170    26.9749     0.0525 1.5531e-01  0.000e+00
       5871 660.666713     24.939    -1.7709  26.481952     24.672    33.5246    26.9807     0.0582 1.5490e-01  0.000e+00
       5872 660.750046     25.150    -1.7854  26.471637     24.881    33.5266    26.9826     0.0601 1.5504e-01  0.000e+00
       5873 660.833380     25.830    -1.7618  26.494772     25.554    33.5317    26.9862     0.0906 1.5510e-01  0.000e+00
       5874 660.916713     25.515    -1.7554  26.497324     25.242    33.5281    26.9831     0.0544 1.5517e-01  0.000e+00
       5875 661.000046     25.335    -1.7580  26.497111     25.064    33.5309    26.9854     0.0658 1.5487e-01  0.000e+00
       5876 661.083380     25.083    -1.8005  26.458399     24.814    33.5253    26.9819     0.0753 1.5500e-01  0.000e+00
       5877 661.166713     24.980    -1.8074  26.451223     24.713    33.5230    26.9803     0.0773 1.5510e-01  0.000e+00
       5878 661.250046     25.107    -1.7971  26.461111     24.838    33.5251    26.9817     0.0639 1.5504e-01  0.000e+00
       5879 661.333380     25.372    -1.7050  26.547977     25.100    33.5417    26.9929     0.0792 1.5517e-01  0.000e+00
       5880 661.416713     25.345    -0.8977  27.319364     25.073    33.6930    27.0903     0.1059 1.5517e-01  0.000e+00
       5881 661.500046     25.144    -1.7512  26.489503     24.875    33.5127    26.9705     0.0849 1.5477e-01  0.000e+00
       5882 661.583380     24.962    -1.7473  26.493811     24.695    33.5145    26.9718     0.0677 1.5517e-01  0.000e+00
       5883 661.666713     24.874    -1.7032  26.534350     24.608    33.5209    26.9760     0.0582 1.5467e-01  0.000e+00
       5884 661.750046     24.937    -1.7757  26.464830     24.670    33.5062    26.9658     0.0715 1.5517e-01  0.000e+00
       5885 661.833380     25.191    -1.5318  26.705270     24.922    33.5642    27.0066     0.0620 1.5480e-01  0.000e+00
       5886 661.916713     25.410     0.2972  28.522910     25.138    33.9711    27.2599     0.1288 1.5534e-01  0.000e+00
       5887 662.000046     25.212    -1.7019  26.529454     24.942    33.5125    26.9691     0.0925 1.5500e-01  0.000e+00
       5888 662.083380     25.022    -1.6662  26.568523     24.754    33.5266    26.9796     0.0868 1.5490e-01  0.000e+00
       5889 662.166713     24.902    -1.7576  26.479771     24.635    33.5065    26.9656     0.0639 1.5520e-01  0.000e+00
       5890 662.250046     24.937    -1.7379  26.507268     24.671    33.5225    26.9781     0.0849 1.5507e-01  0.000e+00
       5891 662.333380     25.058    -1.6153  26.631482     24.790    33.5564    27.0025     0.1097 1.5477e-01  0.000e+00
       5892 662.416713     25.369    -1.5938  26.642834     25.098    33.5477    26.9949     0.0715 1.5504e-01  0.000e+00
       5893 662.500046     25.204    -1.2193  26.974824     24.934    33.5836    27.0129     0.1173 1.5534e-01  0.000e+00
       5894 662.583380     25.025    -1.8153  26.429644     24.757    33.5019    26.9632     0.1135 1.5473e-01  0.000e+00
       5895 662.666713     24.944    -1.8037  26.435436     24.677    33.4969    26.9589     0.0963 1.5517e-01  0.000e+00
       5896 662.750046     24.879    -1.7930  26.448085     24.613    33.5025    26.9632     0.0734 1.5483e-01  0.000e+00
       5897 662.833380     25.092    -1.7960  26.459356     24.824    33.5215    26.9787     0.0715 1.5517e-01  0.000e+00
       5898 662.916713     25.688    -1.1672  27.056736     25.413    33.6370    27.0545     0.0582 1.5483e-01  0.000e+00
       5899 663.000046     25.332    -1.7233  26.529829     25.061    33.5371    26.9896     0.0868 1.5480e-01  0.000e+00
       5900 663.083380     25.179    -0.7924  27.415767     24.910    33.7061    27.0969     0.1040 1.5514e-01  0.000e+00
       5901 663.166713     24.906    -1.7992  26.435435     24.639    33.4919    26.9547     0.1116 1.5470e-01  0.000e+00
