m_scripts/EAST/EAST18_SBE16_50214_header.cnv
* Sea-Bird SBE16plus  Data File:
* FileName = C:\Documents and Settings\chris\Desktop\SBE16plus_01650214_2020_01_17.hex
* Software version 2.4.1
* Temperature SN = 50214
* Conductivity SN = 50214
* System UpLoad Time = Jan 17 2020 12:46:11
* <ApplicationData>
* <Seaterm232>
# nquan = 11
# nvalues = 6912                                  
# units = specified
# name 0 = scan: Scan Count
# name 1 = timeJ: Julian Days
# name 2 = prdM: Pressure, Strain Gauge [db]
# name 3 = tv290C: Temperature [ITS-90, deg C]
# name 4 = c0mS/cm: Conductivity [mS/cm]
# name 5 = depSM: Depth [salt water, m], lat = 82.00
# name 6 = sal00: Salinity, Practical [PSU]
# name 7 = sigma-é00: Density [sigma-theta, kg/m^3]
# name 8 = flECO-AFL: Fluorescence, WET Labs ECO-AFL/FL [mg/m^3]
# name 9 = par/sat/log: PAR/Logarithmic, Satlantic
# name 10 = flag:  0.000e+00
# span 0 =          1,       6912                 
# span 1 = 171.500046, 747.416713                 
# span 2 =     -0.830,     31.687                 
# span 3 =   -18.7834,    21.8111                 
# span 4 =   0.000457,  32.120553                 
# span 5 =     -0.821,     31.347                 
# span 6 =    -0.0172,    34.9011                 
# span 7 =    -5.4634,    27.8502                 
# span 8 =    -0.3500,   124.1312                 
# span 9 = 1.0870e-01, 1.1183e+02                 
# span 10 = 0.0000e+00, 0.0000e+00                
# interval = seconds: 7200
# start_time = Jun 20 2018 12:00:04 [Instrument's time stamp, first data scan]
# bad_flag = -9.990e-29
*END*
[from data line 4197]
       4198 521.250046     26.334    -1.7506  27.175084     26.052    34.4673    27.7466     0.2985 1.5473e-01  0.000e+00
       4199 521.333380     25.508    -1.7936  27.129837     25.235    34.4546    27.7375     0.3023 7.5726e-01  0.000e+00
       4200 521.416713     25.300    -1.7865  27.137242     25.030    34.4569    27.7391     0.2585 2.7555e+01  0.000e+00
       4201 521.500046     25.299    -1.7883  27.131446     25.029    34.4509    27.7343     0.3595 1.7400e-01  0.000e+00
       4202 521.583380     25.926    -1.8040  27.115085     25.648    34.4459    27.7307     0.3347 8.2090e-01  0.000e+00
       4203 521.666713     26.535    -1.7569  27.168267     26.251    34.4651    27.7450     0.2947 1.5483e-01  0.000e+00
       4204 521.750046     25.976    -1.7917  27.131448     25.698    34.4544    27.7372     0.4187 1.5473e-01  0.000e+00
       4205 521.833380     25.555    -1.7903  27.133057     25.282    34.4553    27.7380     0.2794 1.5483e-01  0.000e+00
       4206 521.916713     25.390    -1.7732  27.151839     25.118    34.4618    27.7428     0.2585 1.5524e-01  0.000e+00
       4207 522.000046     25.198    -1.7788  27.143037     24.929    34.4560    27.7383     0.3080 1.5524e-01  0.000e+00
       4208 522.083380     25.702    -1.7910  27.129462     25.427    34.4510    27.7345     0.3748 1.5477e-01  0.000e+00
       4209 522.166713     26.671    -1.7816  27.141645     26.386    34.4565    27.7387     0.2375 1.5510e-01  0.000e+00
       4210 522.250046     26.710    -1.7572  27.168052     26.424    34.4650    27.7449     0.2642 1.5885e-01  0.000e+00
       4211 522.333380     26.034    -1.7489  27.177660     25.756    34.4692    27.7481     0.2508 1.2299e+00  0.000e+00
       4212 522.416713     26.510    -1.7774  27.145884     26.227    34.4576    27.7395     0.3061 3.2224e-01  0.000e+00
       4213 522.500046     25.511    -1.7506  27.177283     25.238    34.4710    27.7496     0.1841 5.5567e-01  0.000e+00
       4214 522.583380     25.368    -1.7813  27.136275     25.096    34.4494    27.7330     0.3386 1.4966e+01  0.000e+00
       4215 522.666713     26.321    -1.7788  27.142879     26.039    34.4552    27.7375     0.3023 1.4130e+01  0.000e+00
       4216 522.750046     26.514    -1.7668  27.157638     26.230    34.4617    27.7425     0.3901 5.2806e-01  0.000e+00
       4217 522.833380     25.831    -1.7440  27.179861     25.554    34.4666    27.7459     0.2451 7.5251e-01  0.000e+00
       4218 522.916713     25.748    -1.7795  27.143253     25.472    34.4569    27.7390     0.2623 1.5497e-01  0.000e+00
       4219 523.000046     25.275    -1.7590  27.166868     25.005    34.4663    27.7461     0.2356 2.1874e-01  0.000e+00
       4220 523.083380     25.344    -1.7801  27.138851     25.073    34.4517    27.7348     0.3538 1.5534e-01  0.000e+00
       4221 523.166713     26.257    -1.7748  27.147064     25.976    34.4564    27.7384     0.2871 1.9690e-01  0.000e+00
       4222 523.250046     26.684    -1.7532  27.170683     26.399    34.4639    27.7440     0.3100 1.3565e+01  0.000e+00
       4223 523.333380     25.624    -1.7525  27.168640     25.350    34.4610    27.7415     0.3157 5.0861e-01  0.000e+00
       4224 523.416713     25.489    -1.7685  27.153234     25.217    34.4582    27.7397     0.3195 6.9072e-01  0.000e+00
       4225 523.500046     25.627    -1.7776  27.142877     25.353    34.4541    27.7367     0.3080 6.5101e-01  0.000e+00
       4226 523.583380     25.425    -1.7790  27.139066     25.153    34.4507    27.7339     0.3653 5.4069e-01  0.000e+00
       4227 523.666713     25.778    -1.7703  27.149263     25.502    34.4545    27.7368     0.2699 1.4697e+00  0.000e+00
       4228 523.750046     26.384    -1.7441  27.175674     26.102    34.4606    27.7410     0.3443 1.7980e+01  0.000e+00
       4229 523.833380     25.436    -1.7417  27.171645     25.164    34.4528    27.7346     0.3481 1.5490e-01  0.000e+00
       4230 523.916713     25.367    -1.7649  27.148456     25.095    34.4474    27.7308     0.3481 7.1864e+00  0.000e+00
       4231 524.000046     25.447    -1.7883  27.127476     25.174    34.4452    27.7297     0.3519 3.8564e-01  0.000e+00
       4232 524.083380     25.205    -1.7777  27.138046     24.935    34.4479    27.7316     0.4645 1.5504e-01  0.000e+00
       4233 524.166713     25.792    -1.7663  27.151034     25.516    34.4523    27.7349     0.3519 6.2730e-01  0.000e+00
       4234 524.250046     26.505    -1.7384  27.182493     26.221    34.4634    27.7431     0.2909 2.7805e-01  0.000e+00
       4235 524.333380     25.466    -1.7410  27.169444     25.194    34.4489    27.7314     0.3901 7.2496e-01  0.000e+00
       4236 524.416713     25.516    -1.7287  27.192693     25.243    34.4670    27.7458     0.2890 2.1668e+01  0.000e+00
       4237 524.500046     25.454    -1.7756  27.136436     25.182    34.4430    27.7276     0.4206 1.0587e+00  0.000e+00
       4238 524.583380     25.182    -1.7834  27.131875     24.913    34.4459    27.7301     0.3805 1.5500e-01  0.000e+00
       4239 524.666713     25.593    -1.7703  27.144647     25.319    34.4482    27.7316     0.3767 1.4324e+01  0.000e+00
       4240 524.750046     26.185    -1.7383  27.181096     25.905    34.4615    27.7416     0.3061 1.5494e-01  0.000e+00
       4241 524.833380     25.488    -1.7594  27.147437     25.215    34.4394    27.7242     0.3653 1.5517e-01  0.000e+00
       4242 524.916713     25.628    -1.7191  27.196881     25.353    34.4616    27.7411     0.3901 1.5473e-01  0.000e+00
       4243 525.000046     25.489    -1.7800  27.130266     25.217    34.4395    27.7248     0.4301 6.6183e-01  0.000e+00
       4244 525.083380     25.285    -1.7837  27.128656     25.014    34.4417    27.7267     0.4168 2.8112e+00  0.000e+00
       4245 525.166713     25.389    -1.7813  27.129460     25.117    34.4400    27.7252     0.4435 1.5473e-01  0.000e+00
       4246 525.250046     26.079    -1.7574  27.156080     25.800    34.4488    27.7318     0.3767 5.2055e-01  0.000e+00
       4247 525.333380     25.764    -1.7525  27.158279     25.489    34.4465    27.7298     0.3767 9.0637e+00  0.000e+00
       4248 525.416713     25.684    -1.7232  27.196023     25.410    34.4651    27.7441     0.2985 6.4735e-01  0.000e+00
       4249 525.500046     25.518    -1.7494  27.164076     25.245    34.4511    27.7334     0.2031 6.7550e+01  0.000e+00
       4250 525.583380     25.198    -1.7863  27.123880     24.929    34.4381    27.7239     0.4282 2.4218e+01  0.000e+00
       4251 525.666713     25.501    -1.7784  27.131285     25.228    34.4390    27.7244     0.4034 5.4469e-01  0.000e+00
       4252 525.750046     25.756    -1.7578  27.155274     25.481    34.4484    27.7315     0.3862 1.5477e-01  0.000e+00
       4253 525.833380     25.858    -1.6646  27.251895     25.581    34.4749    27.7503     0.2737 2.8575e-01  0.000e+00
       4254 525.916713     25.520    -1.7434  27.173256     25.247    34.4570    27.7381     0.3157 5.7480e-01  0.000e+00
       4255 526.000046     25.489    -1.7200  27.199459     25.217    34.4663    27.7450     0.2947 1.5483e-01  0.000e+00
       4256 526.083380     25.330    -1.7715  27.139280     25.059    34.4423    27.7269     0.4454 1.5497e-01  0.000e+00
       4257 526.166713     25.431    -1.7846  27.123076     25.159    34.4348    27.7211     0.4454 3.5556e+00  0.000e+00
       4258 526.250046     25.562    -1.7655  27.144432     25.288    34.4423    27.7267     0.4091 6.2649e-01  0.000e+00
       4259 526.333380     25.734    -1.7076  27.203487     25.459    34.4574    27.7374     0.4377 1.8617e+00  0.000e+00
       4260 526.416713     25.459    -1.7338  27.171268     25.187    34.4431    27.7265     0.4511 9.9693e+00  0.000e+00
       4261 526.500046     25.445    -1.7334  27.176476     25.172    34.4499    27.7320     0.3767 1.3206e+00  0.000e+00
       4262 526.583380     25.371    -1.7520  27.162680     25.100    34.4523    27.7345     0.3119 1.6720e+01  0.000e+00
       4263 526.666713     25.054    -1.7733  27.135254     24.786    34.4389    27.7242     0.4110 6.6716e-01  0.000e+00
       4264 526.750046     25.508    -1.7504  27.159835     25.235    34.4464    27.7296     0.3347 8.0970e+00  0.000e+00
       4265 526.833380     25.778    -1.7201  27.182866     25.502    34.4431    27.7261     0.4683 3.6727e-01  0.000e+00
       4266 526.916713     25.416    -1.7289  27.170462     25.144    34.4363    27.7208     0.4053 9.7236e+00  0.000e+00
       4267 527.000046     25.233    -1.7202  27.180663     24.963    34.4405    27.7240     0.5007 4.3943e-01  0.000e+00
       4268 527.083380     25.363    -1.7289  27.174650     25.092    34.4421    27.7255     0.4645 9.7914e+00  0.000e+00
       4269 527.166713     25.266    -1.7632  27.141050     24.996    34.4351    27.7208     0.3710 3.6082e+01  0.000e+00
       4270 527.250046     25.436    -1.7214  27.187214     25.164    34.4509    27.7325     0.3958 1.0473e+00  0.000e+00
       4271 527.333380     25.810    -1.7107  27.192209     25.534    34.4452    27.7276     0.4759 1.6137e+00  0.000e+00
       4272 527.416713     25.584    -1.7149  27.179267     25.310    34.4321    27.7170     0.5350 2.4920e-01  0.000e+00
       4273 527.500046     25.271    -1.7156  27.179481     25.001    34.4335    27.7182     0.4473 9.3703e-01  0.000e+00
       4274 527.583380     25.321    -1.7099  27.193711     25.050    34.4467    27.7288     0.4568 8.3872e-01  0.000e+00
       4275 527.666713     25.006    -1.7263  27.174058     24.739    34.4385    27.7225     0.5484 5.9600e-01  0.000e+00
       4276 527.750046     25.126    -1.6885  27.225563     24.857    34.4664    27.7442     0.2527 1.4824e+01  0.000e+00
       4277 527.833380     25.610    -1.7203  27.176475     25.336    34.4346    27.7192     0.4740 1.5504e-01  0.000e+00
       4278 527.916713     25.731    -1.6792  27.215356     25.455    34.4410    27.7232     0.5465 1.5497e-01  0.000e+00
       4279 528.000046     25.252    -1.7179  27.175669     24.982    34.4308    27.7160     0.4797 1.6251e-01  0.000e+00
       4280 528.083380     25.244    -1.7319  27.164074     24.974    34.4309    27.7165     0.4339 3.5737e-01  0.000e+00
       4281 528.166713     25.180    -1.7381  27.158276     24.911    34.4301    27.7160     0.5522 1.5483e-01  0.000e+00
       4282 528.250046     25.134    -1.7176  27.184904     24.865    34.4435    27.7263     0.4816 6.4483e-01  0.000e+00
       4283 528.333380     25.448    -1.7269  27.167885     25.176    34.4303    27.7159     0.5102 1.6071e+00  0.000e+00
       4284 528.416713     25.553    -1.7071  27.185065     25.280    34.4312    27.7161     0.5121 7.9860e-01  0.000e+00
       4285 528.500046     25.309    -1.7186  27.176850     25.038    34.4333    27.7181     0.4091 2.5463e+01  0.000e+00
       4286 528.583380     25.077    -1.7299  27.164449     24.809    34.4293    27.7151     0.4931 8.1983e-01  0.000e+00
       4287 528.666713     24.898    -1.7308  27.165039     24.631    34.4312    27.7167     0.5636 9.5841e-01  0.000e+00
       4288 528.750046     24.992    -1.7272  27.170246     24.725    34.4342    27.7191     0.5522 7.6287e-01  0.000e+00
       4289 528.833380     25.219    -1.6979  27.198705     24.950    34.4397    27.7227     0.4377 1.8254e-01  0.000e+00
       4290 528.916713     25.875    -1.6135  27.288071     25.598    34.4658    27.7415     0.2832 1.5473e-01  0.000e+00
       4291 529.000046     25.524    -1.7330  27.160048     25.251    34.4264    27.7129     0.4797 2.3306e+01  0.000e+00
       4292 529.083380     25.190    -1.7299  27.165254     24.920    34.4303    27.7160     0.4702 3.8976e-01  0.000e+00
       4293 529.166713     25.082    -1.7306  27.165845     24.814    34.4320    27.7173     0.5236 8.5686e+00  0.000e+00
       4294 529.250046     25.130    -1.7334  27.159457     24.861    34.4263    27.7128     0.5198 1.5516e+00  0.000e+00
       4295 529.333380     25.261    -1.7209  27.171267     24.990    34.4281    27.7139     0.5140 3.7573e-01  0.000e+00
       4296 529.416713     25.760    -1.7130  27.180878     25.484    34.4321    27.7169     0.4339 5.9060e-01  0.000e+00
       4297 529.500046     25.617    -1.6761  27.217827     25.343    34.4409    27.7230     0.3882 1.2618e+00  0.000e+00
       4298 529.583380     25.184    -1.6740  27.221103     24.915    34.4433    27.7249     0.4339 7.4407e-01  0.000e+00
       4299 529.666713     24.961    -1.6794  27.215139     24.694    34.4414    27.7236     0.4606 9.2733e-01  0.000e+00
       4300 529.750046     24.883    -1.7145  27.178460     24.617    34.4310    27.7161     0.4282 4.0061e+00  0.000e+00
       4301 529.833380     24.882    -1.7091  27.182701     24.615    34.4307    27.7157     0.4950 8.6966e-01  0.000e+00
       4302 529.916713     25.483    -1.7072  27.185280     25.210    34.4316    27.7164     0.3958 8.5285e-01  0.000e+00
       4303 530.000046     25.625    -1.6828  27.210575     25.350    34.4385    27.7213     0.4645 3.9831e-01  0.000e+00
       4304 530.083380     25.612    -1.6773  27.216484     25.338    34.4404    27.7227     0.4416 7.0358e-01  0.000e+00
       4305 530.166713     25.324    -1.6507  27.247646     25.053    34.4531    27.7322     0.3367 1.1090e+00  0.000e+00
       4306 530.250046     25.096    -1.7268  27.165039     24.828    34.4264    27.7127     0.5312 7.7723e-01  0.000e+00
       4307 530.333380     25.152    -1.7373  27.154250     24.883    34.4235    27.7107     0.5331 1.6722e+00  0.000e+00
       4308 530.416713     25.582    -1.6974  27.196504     25.308    34.4359    27.7196     0.3805 9.4704e-01  0.000e+00
       4309 530.500046     25.550    -1.7307  27.155861     25.277    34.4178    27.7058     0.5942 3.7023e-01  0.000e+00
       4310 530.583380     25.403    -1.6589  27.237597     25.132    34.4486    27.7288     0.3443 3.0713e+00  0.000e+00
       4311 530.666713     25.185    -1.6447  27.252697     24.916    34.4533    27.7322     0.3214 9.9247e-01  0.000e+00
       4312 530.750046     24.991    -1.7172  27.175078     24.724    34.4293    27.7148     0.4664 3.2168e-01  0.000e+00
       4313 530.833380     25.131    -1.7495  27.141477     24.862    34.4199    27.7081     0.5217 4.4000e-01  0.000e+00
       4314 530.916713     25.354    -1.7481  27.143034     25.082    34.4203    27.7083     0.6151 4.2334e-01  0.000e+00
       4315 531.000046     25.755    -1.7469  27.138635     25.480    34.4125    27.7019     0.6590 9.0782e-01  0.000e+00
       4316 531.083380     25.428    -1.7478  27.134877     25.156    34.4085    27.6987     0.6933 4.8850e-01  0.000e+00
       4317 531.166713     25.663    -1.6862  27.203485     25.389    34.4326    27.7166     0.4721 9.2733e-01  0.000e+00
       4318 531.250046     25.431    -1.7246  27.165469     25.159    34.4243    27.7109     0.5064 4.3384e-01  0.000e+00
       4319 531.333380     25.253    -1.7660  27.112290     24.983    34.3982    27.6909     0.6552 8.7174e-01  0.000e+00
       4320 531.416713     25.559    -1.7594  27.124040     25.285    34.4067    27.6976     0.5522 9.5530e-01  0.000e+00
       4321 531.500046     25.774    -1.7613  27.111862     25.498    34.3918    27.6856     0.5140 4.3832e+01  0.000e+00
       4322 531.583380     25.577    -1.7587  27.107301     25.303    34.3825    27.6779     0.7391 1.7881e+00  0.000e+00
       4323 531.666713     25.336    -1.7459  27.120872     25.065    34.3868    27.6810     0.6228 2.5478e-01  0.000e+00
       4324 531.750046     25.362    -1.7653  27.096520     25.091    34.3752    27.6722     0.6018 1.5504e-01  0.000e+00
       4325 531.833380     25.198    -1.7693  27.101294     24.928    34.3868    27.6816     0.7029 6.6149e+00  0.000e+00
       4326 531.916713     25.384    -1.7687  27.102313     25.113    34.3873    27.6821     0.7200 1.5504e-01  0.000e+00
       4327 532.000046     25.732    -1.7700  27.094698     25.457    34.3780    27.6745     0.6533 1.5483e-01  0.000e+00
