m_scripts/EAST/EAST18_SBE16_50214_header.cnv
* Sea-Bird SBE16plus  Data File:
* FileName = C:\Documents and Settings\chris\Desktop\SBE16plus_01650214_2020_01_17.hex
* Software version 2.4.1
* Temperature SN = 50214
* Conductivity SN = 50214
* System UpLoad Time = Jan 17 2020 12:46:11
* <ApplicationData>
* <Seaterm232>
# nquan = 11
# nvalues = 6912                                  
# units = specified
# name 0 = scan: Scan Count
# name 1 = timeJ: Julian Days
# name 2 = prdM: Pressure, Strain Gauge [db]
# name 3 = tv290C: Temperature [ITS-90, deg C]
# name 4 = c0mS/cm: Conductivity [mS/cm]
# name 5 = depSM: Depth [salt water, m], lat = 82.00
# name 6 = sal00: Salinity, Practical [PSU]
# name 7 = sigma-é00: Density [sigma-theta, kg/m^3]
# name 8 = flECO-AFL: Fluorescence, WET Labs ECO-AFL/FL [mg/m^3]
# name 9 = par/sat/log: PAR/Logarithmic, Satlantic
# name 10 = flag:  0.000e+00
# span 0 =          1,       6912                 
# span 1 = 171.500046, 747.416713                 
# span 2 =     -0.830,     31.687                 
# span 3 =   -18.7834,    21.8111                 
# span 4 =   0.000457,  32.120553                 
# span 5 =     -0.821,     31.347                 
# span 6 =    -0.0172,    34.9011                 
# span 7 =    -5.4634,    27.8502                 
# span 8 =    -0.3500,   124.1312                 
# span 9 = 1.0870e-01, 1.1183e+02                 
# span 10 = 0.0000e+00, 0.0000e+00                
# interval = seconds: 7200
# start_time = Jun 20 2018 12:00:04 [Instrument's time stamp, first data scan]
# bad_flag = -9.990e-29
*END*
[from data line 1181]
       1182 269.916713     25.468     1.5814  29.911341     25.196    34.3520    27.4842     0.7582 1.5497e-01  0.000e+00
       1183 270.000046     25.317     1.6890  30.011916     25.046    34.3620    27.4844     0.7849 1.5500e-01  0.000e+00
       1184 270.083380     26.935     1.6641  29.994203     26.647    34.3657    27.4892     0.6075 1.5504e-01  0.000e+00
       1185 270.166713     27.008     1.5098  29.854210     26.719    34.3568    27.4933     0.5446 3.2959e-01  0.000e+00
       1186 270.250046     25.944     1.5602  29.892645     25.667    34.3512    27.4852     0.6132 1.6570e+00  0.000e+00
       1187 270.333380     25.443     1.5932  29.929431     25.171    34.3620    27.4914     0.6094 2.7177e+00  0.000e+00
       1188 270.416713     25.813     1.7047  30.033264     25.537    34.3715    27.4908     0.6609 7.1258e+00  0.000e+00
       1189 270.500046     25.796     1.7006  30.025182     25.520    34.3659    27.4866     0.8784 3.7635e+00  0.000e+00
       1190 270.583380     27.631     1.5083  29.854824     27.335    34.3589    27.4951     0.5541 1.0775e+00  0.000e+00
       1191 270.666713     27.260     1.5259  29.862275     26.969    34.3493    27.4862     0.5636 1.5500e-01  0.000e+00
       1192 270.750046     26.095     1.6284  29.949252     25.816    34.3484    27.4779     0.5179 1.5517e-01  0.000e+00
       1193 270.833380     25.658     1.6497  29.970746     25.384    34.3526    27.4797     0.5102 1.5490e-01  0.000e+00
       1194 270.916713     26.438     1.7435  30.067721     26.155    34.3724    27.4887     0.4950 1.5470e-01  0.000e+00
       1195 271.000046     26.132     1.6748  30.006570     25.852    34.3702    27.4920     0.6418 1.5504e-01  0.000e+00
       1196 271.083380     27.732     1.5526  29.899440     27.435    34.3671    27.4985     0.6933 1.5517e-01  0.000e+00
       1197 271.166713     27.135     1.5150  29.846590     26.845    34.3414    27.4806     0.4091 3.0253e-01  0.000e+00
       1198 271.250046     26.052     1.4909  29.814785     25.773    34.3279    27.4714     0.3862 2.1246e+00  0.000e+00
       1199 271.333380     25.434     1.4299  29.757606     25.162    34.3222    27.4713     0.4416 5.7738e+00  0.000e+00
       1200 271.416713     26.419     1.6025  29.940736     26.136    34.3657    27.4937     0.5369 5.6892e+00  0.000e+00
       1201 271.500046     26.425     1.5209  29.866111     26.142    34.3601    27.4952     0.5484 4.7375e+00  0.000e+00
       1202 271.583380     28.126     1.5521  29.899218     27.825    34.3671    27.4985     0.5999 1.6334e+00  0.000e+00
       1203 271.666713     27.391     1.4550  29.785945     27.097    34.3297    27.4755     0.4053 1.5473e-01  0.000e+00
       1204 271.750046     26.510     1.5121  29.833632     26.227    34.3284    27.4703     0.4282 1.5497e-01  0.000e+00
       1205 271.833380     25.494     1.4909  29.817118     25.222    34.3312    27.4741     0.2909 1.5497e-01  0.000e+00
       1206 271.916713     26.105     1.4730  29.798444     25.826    34.3267    27.4718     0.3157 1.5514e-01  0.000e+00
       1207 272.000046     25.962     1.5275  29.862271     25.684    34.3483    27.4852     0.4416 1.5494e-01  0.000e+00
       1208 272.083380     26.301     1.5448  29.877123     26.020    34.3481    27.4838     0.3767 1.5494e-01  0.000e+00
       1209 272.166713     27.262     1.5100  29.844033     26.970    34.3435    27.4826     0.2832 1.5490e-01  0.000e+00
       1210 272.250046     26.427     1.3270  29.682050     26.144    34.3381    27.4912     0.6266 1.9955e+00  0.000e+00
       1211 272.333380     25.908     1.5240  29.854651     25.631    34.3425    27.4808     0.3595 3.4680e+00  0.000e+00
       1212 272.416713     25.832     1.5279  29.857598     25.556    34.3420    27.4801     0.3100 7.0429e+00  0.000e+00
       1213 272.500046     26.452     1.4660  29.791499     26.169    34.3253    27.4712     0.3004 4.3268e+00  0.000e+00
       1214 272.583380     26.086     1.3437  29.661571     25.807    34.2938    27.4545     0.5255 2.1320e+00  0.000e+00
       1215 272.666713     27.791     1.1897  29.563614     27.494    34.3365    27.4994     0.6418 1.5494e-01  0.000e+00
       1216 272.750046     26.501     1.1903  29.562945     26.218    34.3358    27.4988     0.7734 1.5490e-01  0.000e+00
       1217 272.833380     26.170     1.5218  29.853150     25.890    34.3428    27.4812     0.2775 1.5504e-01  0.000e+00
       1218 272.916713     25.646     1.7994  30.122722     25.372    34.3813    27.4916     0.3252 1.5527e-01  0.000e+00
       1219 273.000046     26.144     1.4880  29.811783     25.864    34.3273    27.4712     0.3061 1.5477e-01  0.000e+00
       1220 273.083380     26.554     1.4506  29.771552     26.270    34.3167    27.4654     0.3805 1.5473e-01  0.000e+00
       1221 273.166713     26.842     0.9599  29.317322     26.554    34.2732    27.4637     1.2961 1.5470e-01  0.000e+00
       1222 273.250046     25.881     1.1307  29.511377     25.604    34.3356    27.5026     1.1149 1.5452e+00  0.000e+00
       1223 273.333380     25.604     1.1674  29.545990     25.330    34.3397    27.5035     0.7239 4.6288e+00  0.000e+00
       1224 273.416713     25.487     1.5245  29.853370     25.215    34.3406    27.4792     0.3557 6.1433e+00  0.000e+00
       1225 273.500046     25.664     1.0816  29.456965     25.389    34.3197    27.4932     1.3075 2.4089e+00  0.000e+00
       1226 273.583380     25.996     0.9685  29.320412     25.718    34.2682    27.4591     1.3228 9.2411e-01  0.000e+00
       1227 273.666713     26.745     1.0443  29.412935     26.459    34.3035    27.4826     1.3895 1.5504e-01  0.000e+00
       1228 273.750046     26.499     1.2841  29.640109     26.215    34.3315    27.4889     1.0176 1.5480e-01  0.000e+00
       1229 273.833380     25.761     1.5792  29.911119     25.485    34.3539    27.4860     0.5808 1.5473e-01  0.000e+00
       1230 273.916713     25.362     1.5484  29.885021     25.090    34.3547    27.4888     0.5770 1.5480e-01  0.000e+00
       1231 274.000046     25.292     1.4262  29.748940     25.022    34.3153    27.4660     0.6418 1.5504e-01  0.000e+00
       1232 274.083380     25.472     1.2125  29.526542     25.200    34.2653    27.4406     1.4048 1.5487e-01  0.000e+00
       1233 274.166713     26.508     1.2670  29.604342     26.225    34.3045    27.4684     0.8497 1.5531e-01  0.000e+00
       1234 274.250046     26.203     1.5869  29.928989     25.923    34.3679    27.4967     0.7086 5.8119e-01  0.000e+00
       1235 274.333380     27.089     1.6054  29.952654     26.799    34.3772    27.5027     0.4377 1.0235e+00  0.000e+00
       1236 274.416713     25.901     1.6364  29.975205     25.624    34.3726    27.4968     0.7219 8.1877e-01  0.000e+00
       1237 274.500046     25.092     1.4914  29.824511     24.824    34.3404    27.4814     0.4854 8.3021e-01  0.000e+00
       1238 274.583380     25.005     1.3205  29.648921     24.738    34.3037    27.4641     0.6819 4.2068e-01  0.000e+00
       1239 274.666713     25.199     1.3599  29.696807     24.930    34.3216    27.4757     0.7029 1.5510e-01  0.000e+00
       1240 274.750046     26.789     1.5890  29.930716     26.502    34.3675    27.4962     0.5446 1.5527e-01  0.000e+00
       1241 274.833380     27.078     1.6504  29.991251     26.788    34.3769    27.4992     0.4740 1.5497e-01  0.000e+00
       1242 274.916713     25.651     1.5907  29.932828     25.377    34.3690    27.4972     0.4301 1.5520e-01  0.000e+00
       1243 275.000046     25.541     1.6646  29.992081     25.268    34.3634    27.4873     0.4816 1.5517e-01  0.000e+00
       1244 275.083380     25.300     1.4976  29.819229     25.030    34.3267    27.4700     0.5331 1.5507e-01  0.000e+00
       1245 275.166713     25.398     1.3110  29.638218     25.126    34.3002    27.4619     0.5922 1.5467e-01  0.000e+00
       1246 275.250046     25.903     1.3497  29.682879     25.626    34.3146    27.4708     0.6189 7.8350e-01  0.000e+00
       1247 275.333380     25.855     1.5964  29.933274     25.579    34.3632    27.4921     0.4130 2.4463e+00  0.000e+00
       1248 275.416713     25.579     1.6119  29.944574     25.305    34.3607    27.4890     0.5007 5.5720e+00  0.000e+00
       1249 275.500046     25.462     1.5553  29.889472     25.190    34.3527    27.4867     0.4416 2.8406e+00  0.000e+00
       1250 275.583380     25.084     1.4252  29.757383     24.816    34.3273    27.4757     0.6991 9.8241e-01  0.000e+00
       1251 275.666713     25.268     1.2903  29.625186     24.998    34.3064    27.4683     0.6838 1.5483e-01  0.000e+00
       1252 275.750046     25.597     1.3266  29.658631     25.324    34.3090    27.4679     0.5674 1.5483e-01  0.000e+00
       1253 275.833380     25.781     1.5435  29.876454     25.505    34.3489    27.4845     0.4320 1.5483e-01  0.000e+00
       1254 275.916713     25.733     1.5853  29.923031     25.457    34.3624    27.4924     0.3386 1.5524e-01  0.000e+00
       1255 276.000046     25.331     1.4983  29.845920     25.060    34.3598    27.4965     0.4130 1.5510e-01  0.000e+00
       1256 276.083380     25.189     1.4717  29.808836     24.920    34.3418    27.4840     0.4301 1.5510e-01  0.000e+00
       1257 276.166713     25.253     1.4316  29.767550     24.983    34.3332    27.4799     0.5217 1.5490e-01  0.000e+00
       1258 276.250046     25.407     1.4221  29.758051     25.135    34.3314    27.4792     0.4950 5.6798e-01  0.000e+00
       1259 276.333380     25.485     1.5098  29.842971     25.212    34.3434    27.4825     0.4721 2.3116e+00  0.000e+00
       1260 276.416713     25.356     1.5825  29.928152     25.085    34.3722    27.5004     0.4149 3.7278e+00  0.000e+00
       1261 276.500046     25.249     1.4622  29.816231     24.978    34.3616    27.5006     0.4110 2.3152e+00  0.000e+00
       1262 276.583380     25.177     1.3150  29.693092     24.907    34.3661    27.5145     0.3748 7.2842e-01  0.000e+00
       1263 276.666713     25.203     1.3797  29.739447     24.933    34.3543    27.5006     0.4854 1.5504e-01  0.000e+00
       1264 276.750046     25.202     1.3293  29.674443     24.932    34.3265    27.4818     0.6418 1.5490e-01  0.000e+00
       1265 276.833380     25.672     1.4700  29.805447     25.397    34.3392    27.4820     0.5236 1.5520e-01  0.000e+00
       1266 276.916713     25.455     1.5717  29.921807     25.183    34.3759    27.5041     0.3023 1.5494e-01  0.000e+00
       1267 277.000046     25.324     1.4536  29.811784     25.053    34.3654    27.5042     0.3100 1.5517e-01  0.000e+00
       1268 277.083380     25.252     1.5094  29.855707     24.982    34.3602    27.4960     0.3557 1.5483e-01  0.000e+00
       1269 277.166713     25.192     1.3782  29.722121     24.922    34.3338    27.4842     0.4244 1.5477e-01  0.000e+00
       1270 277.250046     25.154     1.3237  29.670227     24.885    34.3274    27.4829     0.4549 6.0028e-01  0.000e+00
       1271 277.333380     25.484     1.4944  29.834465     25.211    34.3495    27.4885     0.4015 2.4147e+00  0.000e+00
       1272 277.416713     25.566     1.4640  29.828741     25.293    34.3755    27.5116     0.4244 2.6125e+00  0.000e+00
       1273 277.500046     25.283     1.3865  29.755054     25.013    34.3667    27.5100     0.3195 2.0090e+00  0.000e+00
       1274 277.583380     25.077     1.4403  29.800779     24.809    34.3661    27.5057     0.4053 1.6979e-01  0.000e+00
       1275 277.666713     25.095     1.4603  29.801222     24.827    34.3448    27.4872     0.4740 1.5531e-01  0.000e+00
       1276 277.750046     25.130     1.4708  29.820288     24.862    34.3575    27.4967     0.4435 1.5524e-01  0.000e+00
       1277 277.833380     25.386     1.5688  29.919023     25.114    34.3755    27.5041     0.4244 1.5504e-01  0.000e+00
       1278 277.916713     25.830     1.2940  29.676946     25.554    34.3682    27.5177     0.2279 1.5497e-01  0.000e+00
       1279 278.000046     25.494     1.3304  29.709634     25.221    34.3701    27.5167     0.2623 1.5490e-01  0.000e+00
       1280 278.083380     25.177     1.2210  29.615266     24.908    34.3699    27.5241     0.2413 1.5490e-01  0.000e+00
       1281 278.166713     25.022     1.3515  29.723178     24.754    34.3646    27.5108     0.3805 1.5470e-01  0.000e+00
       1282 278.250046     25.016     1.4039  29.769885     24.748    34.3667    27.5088     0.3538 7.1403e-01  0.000e+00
       1283 278.333380     25.356     1.3261  29.704582     25.085    34.3685    27.5157     0.3233 2.3252e+00  0.000e+00
       1284 278.416713     25.746     1.1801  29.579126     25.471    34.3683    27.5256     0.2203 1.9744e+00  0.000e+00
       1285 278.500046     25.744     1.1904  29.587938     25.469    34.3682    27.5248     0.2241 2.8027e+00  0.000e+00
       1286 278.583380     25.404     1.1637  29.562945     25.132    34.3658    27.5247     0.1936 3.4324e-01  0.000e+00
       1287 278.666713     25.048     1.1686  29.563165     24.780    34.3608    27.5203     0.2775 1.5490e-01  0.000e+00
       1288 278.750046     24.896     1.3037  29.676110     24.629    34.3570    27.5080     0.3347 1.5507e-01  0.000e+00
       1289 278.833380     25.185     1.3604  29.728453     24.916    34.3614    27.5076     0.3157 1.5487e-01  0.000e+00
       1290 278.916713     25.507     1.2219  29.612550     25.234    34.3652    27.5203     0.2279 1.5490e-01  0.000e+00
       1291 279.000046     25.781     1.1575  29.561506     25.505    34.3704    27.5288     0.2298 1.5510e-01  0.000e+00
       1292 279.083380     25.693     1.1853  29.590489     25.418    34.3771    27.5323     0.1726 1.5510e-01  0.000e+00
       1293 279.166713     25.148     1.1663  29.571810     24.879    34.3743    27.5314     0.2375 1.5527e-01  0.000e+00
       1294 279.250046     25.031     1.2112  29.601627     24.763    34.3632    27.5194     0.2546 1.1826e+00  0.000e+00
       1295 279.333380     25.044     1.2247  29.611717     24.776    34.3614    27.5170     0.3481 3.4254e+00  0.000e+00
       1296 279.416713     25.407     1.2046  29.597415     25.136    34.3650    27.5212     0.2298 3.8678e+00  0.000e+00
       1297 279.500046     25.756     1.1716  29.571368     25.480    34.3676    27.5256     0.2565 2.6820e+00  0.000e+00
       1298 279.583380     25.851     1.4357  29.819626     25.575    34.3948    27.5291     0.3672 2.3396e-01  0.000e+00
       1299 279.666713     25.349     1.4038  29.791502     25.078    34.3942    27.5309     0.3634 1.5517e-01  0.000e+00
       1300 279.750046     25.016     1.1696  29.574913     24.749    34.3749    27.5316     0.1822 1.5483e-01  0.000e+00
       1301 279.833380     25.040     1.1796  29.572640     24.772    34.3609    27.5196     0.2050 1.5510e-01  0.000e+00
       1302 279.916713     25.247     1.1794  29.568207     24.977    34.3552    27.5151     0.2546 1.5470e-01  0.000e+00
       1303 280.000046     25.806     1.1401  29.544331     25.529    34.3676    27.5277     0.1879 1.5510e-01  0.000e+00
       1304 280.083380     26.043     1.3928  29.782558     25.764    34.3945    27.5319     0.2699 1.5504e-01  0.000e+00
       1305 280.166713     25.458     1.3083  29.706916     25.186    34.3910    27.5350     0.2298 1.5510e-01  0.000e+00
       1306 280.250046     25.338     1.3326  29.724680     25.067    34.3871    27.5302     0.2279 5.5603e-01  0.000e+00
       1307 280.333380     25.072     1.1253  29.515584     24.804    34.3474    27.5125     0.2775 2.1362e+00  0.000e+00
       1308 280.416713     25.195     1.2566  29.639886     24.925    34.3622    27.5155     0.3252 3.5249e+00  0.000e+00
       1309 280.500046     25.717     1.1334  29.534471     25.442    34.3623    27.5240     0.2775 2.0256e+00  0.000e+00
       1310 280.583380     25.813     1.1288  29.530705     25.537    34.3625    27.5244     0.2470 1.9605e-01  0.000e+00
       1311 280.666713     25.646     1.1588  29.562115     25.372    34.3699    27.5283     0.1650 1.5504e-01  0.000e+00
